testseamount_16x16_1024x1024x256
 
                          Total         1         2         3         4         5         6         7         8
        test_seamount 0.140E+03 0.140E+03 0.000E+00 0.000E+00 0.000E+00 0.000E+00 0.000E+00 0.000E+00 0.000E+00
                              1         1         0         0         0         0         0         0         0
         fill_halo_4D 0.277E-01 0.720E-02 0.157E-01 0.194E-02 0.653E-03 0.375E-03 0.146E-02 0.302E-03 0.100E-05
                              8         1         1         1         1         1         1         1         1
           nhmg_solve 0.129E+03 0.129E+03 0.000E+00 0.000E+00 0.000E+00 0.000E+00 0.000E+00 0.000E+00 0.000E+00
                            100       100         0         0         0         0         0         0         0
                solve 0.101E+03 0.101E+03 0.000E+00 0.000E+00 0.000E+00 0.000E+00 0.000E+00 0.000E+00 0.000E+00
                            100       100         0         0         0         0         0         0         0
               Fcycle 0.860E+02 0.860E+02 0.000E+00 0.000E+00 0.000E+00 0.000E+00 0.000E+00 0.000E+00 0.000E+00
                            200       200         0         0         0         0         0         0         0
       fine2coarse_3D 0.110E+01 0.982E+00 0.109E+00 0.654E-02 0.143E-02 0.117E-02 0.105E-02 0.104E-02 0.000E+00
                           7000       400       600       800      1000      1200      1400      1600         0
        relax_3D_8_RB 0.633E+02 0.452E+02 0.124E+02 0.213E+01 0.852E+00 0.682E+00 0.966E+00 0.413E+00 0.628E+00
                          12800       400       800      1200      1600      2000      2400      2800      1600


***************************************************************************************************************
testseamount_16x16_2048x2048x256

                         Total         1         2         3         4         5         6         7         8
        test_seamount 0.968E+03 0.968E+03 0.000E+00 0.000E+00 0.000E+00 0.000E+00 0.000E+00 0.000E+00 0.000E+00
                              1         1         0         0         0         0         0         0         0
         fill_halo_4D 0.695E-01 0.313E-01 0.287E-01 0.425E-02 0.678E-03 0.278E-03 0.420E-04 0.410E-02 0.189E-03
                              8         1         1         1         1         1         1         1         1
           nhmg_solve 0.950E+03 0.950E+03 0.000E+00 0.000E+00 0.000E+00 0.000E+00 0.000E+00 0.000E+00 0.000E+00
                            100       100         0         0         0         0         0         0         0
                solve 0.834E+03 0.834E+03 0.000E+00 0.000E+00 0.000E+00 0.000E+00 0.000E+00 0.000E+00 0.000E+00
                            100       100         0         0         0         0         0         0         0
               Fcycle 0.737E+03 0.737E+03 0.000E+00 0.000E+00 0.000E+00 0.000E+00 0.000E+00 0.000E+00 0.000E+00
                            400       400         0         0         0         0         0         0         0
       fine2coarse_3D 0.879E+01 0.716E+01 0.151E+01 0.107E+00 0.844E-02 0.245E-02 0.226E-02 0.225E-02 0.000E+00
                          14000       800      1200      1600      2000      2400      2800      3200         0
        relax_3D_8_RB 0.564E+03 0.441E+03 0.876E+02 0.210E+02 0.330E+01 0.116E+01 0.168E+01 0.167E+01 0.626E+01
                          25600       800      1600      2400      3200      4000      4800      5600      3200

***************************************************************************************************************
testseamount_32x32_2048x2048x256

                         Total         1         2         3         4         5         6         7         8
        test_seamount 0.278E+03 0.278E+03 0.000E+00 0.000E+00 0.000E+00 0.000E+00 0.000E+00 0.000E+00 0.000E+00
                              1         1         0         0         0         0         0         0         0
         fill_halo_4D 0.310E-01 0.116E-01 0.144E-01 0.172E-02 0.377E-03 0.147E-03 0.140E-02 0.835E-03 0.559E-03
                              8         1         1         1         1         1         1         1         1
           nhmg_solve 0.237E+03 0.237E+03 0.000E+00 0.000E+00 0.000E+00 0.000E+00 0.000E+00 0.000E+00 0.000E+00
                            100       100         0         0         0         0         0         0         0
                solve 0.210E+03 0.210E+03 0.000E+00 0.000E+00 0.000E+00 0.000E+00 0.000E+00 0.000E+00 0.000E+00
                            100       100         0         0         0         0         0         0         0
               Fcycle 0.185E+03 0.185E+03 0.000E+00 0.000E+00 0.000E+00 0.000E+00 0.000E+00 0.000E+00 0.000E+00
                            400       400         0         0         0         0         0         0         0
       fine2coarse_3D 0.228E+01 0.204E+01 0.222E+00 0.130E-01 0.286E-02 0.228E-02 0.214E-02 0.213E-02 0.000E+00
                          14000       800      1200      1600      2000      2400      2800      3200         0
        relax_3D_8_RB 0.135E+03 0.912E+02 0.248E+02 0.406E+01 0.149E+01 0.117E+01 0.192E+01 0.248E+01 0.832E+01
                          25600       800      1600      2400      3200      4000      4800      5600      3200

===============================================================================================================
===============================================================================================================
===============================================================================================================

testseamount_rnd_16x16_1024x1024x128

                          Total         1         2         3         4         5         6         7
        test_seamount 0.430E+03 0.430E+03 0.000E+00 0.000E+00 0.000E+00 0.000E+00 0.000E+00 0.000E+00
                              1         1         0         0         0         0         0         0
         fill_halo_4D 0.156E-01 0.277E-02 0.989E-02 0.217E-02 0.321E-03 0.128E-03 0.239E-03 0.680E-04
                              7         1         1         1         1         1         1         1
           nhmg_solve 0.925E+02 0.925E+02 0.000E+00 0.000E+00 0.000E+00 0.000E+00 0.000E+00 0.000E+00
                            100       100         0         0         0         0         0         0
                solve 0.812E+02 0.812E+02 0.000E+00 0.000E+00 0.000E+00 0.000E+00 0.000E+00 0.000E+00
                            100       100         0         0         0         0         0         0
               Fcycle 0.701E+02 0.701E+02 0.000E+00 0.000E+00 0.000E+00 0.000E+00 0.000E+00 0.000E+00
                            300       300         0         0         0         0         0         0
       fine2coarse_3D 0.816E+00 0.747E+00 0.590E-01 0.520E-02 0.153E-02 0.141E-02 0.149E-02 0.000E+00
                           8100       600       900      1200      1500      1800      2100         0
        relax_3D_8_RB 0.520E+02 0.327E+02 0.103E+02 0.184E+01 0.710E+00 0.109E+01 0.112E+01 0.421E+01
                          14700       600      1200      1800      2400      3000      3600      2100

**************************************************************************************************************
testseamount_rnd_16x16_2048x2048x256
PB

**************************************************************************************************************
testseamount_rnd_32x32_2048x2048x256
PB

==============================================================================================================
