1  Ftitle (a80)
ROMS 1.0 - Initial Drifters Locations - SMB exp.
2  Ft0,   Fx0,   Fy0,     Fz0, Fgrd,Fcoor,Ftype,Fcount, Fdt,   Fdx,   Fdy,   Fdz
  0.0  -17.6667 20.6363   -10.0   0   1    0    1       0.00   0.000   0.000   0.0
  0.0  -17.5833 20.4801   -10.0   0   1    0    1       0.00   0.000   0.000   0.0
  0.0  -17.5833 20.5582   -10.0   0   1    0    1       0.00   0.000   0.000   0.0
  0.0  -17.5833 20.6363   -10.0   0   1    0    1       0.00   0.000   0.000   0.0
  0.0  -17.5833 20.7143   -10.0   0   1    0    1       0.00   0.000   0.000   0.0
  0.0  -17.5833 20.7923   -10.0   0   1    0    1       0.00   0.000   0.000   0.0
  0.0  -17.5833 20.8702   -10.0   0   1    0    1       0.00   0.000   0.000   0.0
  0.0  -17.5000 20.4020   -10.0   0   1    0    1       0.00   0.000   0.000   0.0
  0.0  -17.5000 20.4801   -10.0   0   1    0    1       0.00   0.000   0.000   0.0
  0.0  -17.5000 20.5582   -10.0   0   1    0    1       0.00   0.000   0.000   0.0
  0.0  -17.5000 20.6363   -10.0   0   1    0    1       0.00   0.000   0.000   0.0
  0.0  -17.5000 20.7143   -10.0   0   1    0    1       0.00   0.000   0.000   0.0
  0.0  -17.5000 20.7923   -10.0   0   1    0    1       0.00   0.000   0.000   0.0
  0.0  -17.5000 20.8702   -10.0   0   1    0    1       0.00   0.000   0.000   0.0
  0.0  -17.5000 20.9481   -10.0   0   1    0    1       0.00   0.000   0.000   0.0
  0.0  -17.5000 21.0260   -10.0   0   1    0    1       0.00   0.000   0.000   0.0
  0.0  -17.5000 21.1038   -10.0   0   1    0    1       0.00   0.000   0.000   0.0
  0.0  -17.5000 21.1816   -10.0   0   1    0    1       0.00   0.000   0.000   0.0
  0.0  -17.5000 21.2594   -10.0   0   1    0    1       0.00   0.000   0.000   0.0
  0.0  -17.5000 21.3371   -10.0   0   1    0    1       0.00   0.000   0.000   0.0
  0.0  -17.5000 21.4147   -10.0   0   1    0    1       0.00   0.000   0.000   0.0
  0.0  -17.4167 20.3238   -10.0   0   1    0    1       0.00   0.000   0.000   0.0
  0.0  -17.4167 20.4020   -10.0   0   1    0    1       0.00   0.000   0.000   0.0
  0.0  -17.4167 20.4801   -10.0   0   1    0    1       0.00   0.000   0.000   0.0
  0.0  -17.4167 20.5582   -10.0   0   1    0    1       0.00   0.000   0.000   0.0
  0.0  -17.4167 20.6363   -10.0   0   1    0    1       0.00   0.000   0.000   0.0
  0.0  -17.4167 20.7143   -10.0   0   1    0    1       0.00   0.000   0.000   0.0
  0.0  -17.4167 20.7923   -10.0   0   1    0    1       0.00   0.000   0.000   0.0
  0.0  -17.4167 20.8702   -10.0   0   1    0    1       0.00   0.000   0.000   0.0
  0.0  -17.4167 20.9481   -10.0   0   1    0    1       0.00   0.000   0.000   0.0
  0.0  -17.4167 21.0260   -10.0   0   1    0    1       0.00   0.000   0.000   0.0
  0.0  -17.4167 21.1038   -10.0   0   1    0    1       0.00   0.000   0.000   0.0
  0.0  -17.4167 21.1816   -10.0   0   1    0    1       0.00   0.000   0.000   0.0
  0.0  -17.4167 21.2594   -10.0   0   1    0    1       0.00   0.000   0.000   0.0
  0.0  -17.4167 21.3371   -10.0   0   1    0    1       0.00   0.000   0.000   0.0
  0.0  -17.4167 21.4147   -10.0   0   1    0    1       0.00   0.000   0.000   0.0
  0.0  -17.4167 21.4923   -10.0   0   1    0    1       0.00   0.000   0.000   0.0
  0.0  -17.4167 21.5699   -10.0   0   1    0    1       0.00   0.000   0.000   0.0
  0.0  -17.4167 21.6475   -10.0   0   1    0    1       0.00   0.000   0.000   0.0
  0.0  -17.3333 20.1673   -10.0   0   1    0    1       0.00   0.000   0.000   0.0
  0.0  -17.3333 20.2455   -10.0   0   1    0    1       0.00   0.000   0.000   0.0
  0.0  -17.3333 20.3238   -10.0   0   1    0    1       0.00   0.000   0.000   0.0
  0.0  -17.3333 20.4020   -10.0   0   1    0    1       0.00   0.000   0.000   0.0
  0.0  -17.3333 20.4801   -10.0   0   1    0    1       0.00   0.000   0.000   0.0
  0.0  -17.3333 20.5582   -10.0   0   1    0    1       0.00   0.000   0.000   0.0
  0.0  -17.3333 20.6363   -10.0   0   1    0    1       0.00   0.000   0.000   0.0
  0.0  -17.3333 20.7143   -10.0   0   1    0    1       0.00   0.000   0.000   0.0
  0.0  -17.3333 20.7923   -10.0   0   1    0    1       0.00   0.000   0.000   0.0
  0.0  -17.3333 20.8702   -10.0   0   1    0    1       0.00   0.000   0.000   0.0
  0.0  -17.3333 20.9481   -10.0   0   1    0    1       0.00   0.000   0.000   0.0
  0.0  -17.3333 21.0260   -10.0   0   1    0    1       0.00   0.000   0.000   0.0
  0.0  -17.3333 21.1038   -10.0   0   1    0    1       0.00   0.000   0.000   0.0
  0.0  -17.3333 21.1816   -10.0   0   1    0    1       0.00   0.000   0.000   0.0
  0.0  -17.3333 21.2594   -10.0   0   1    0    1       0.00   0.000   0.000   0.0
  0.0  -17.3333 21.3371   -10.0   0   1    0    1       0.00   0.000   0.000   0.0
  0.0  -17.3333 21.4147   -10.0   0   1    0    1       0.00   0.000   0.000   0.0
  0.0  -17.3333 21.4923   -10.0   0   1    0    1       0.00   0.000   0.000   0.0
  0.0  -17.3333 21.5699   -10.0   0   1    0    1       0.00   0.000   0.000   0.0
  0.0  -17.3333 21.6475   -10.0   0   1    0    1       0.00   0.000   0.000   0.0
  0.0  -17.3333 21.7250   -10.0   0   1    0    1       0.00   0.000   0.000   0.0
  0.0  -17.3333 21.8024   -10.0   0   1    0    1       0.00   0.000   0.000   0.0
  0.0  -17.3333 21.8798   -10.0   0   1    0    1       0.00   0.000   0.000   0.0
  0.0  -17.3333 22.0345   -10.0   0   1    0    1       0.00   0.000   0.000   0.0
  0.0  -17.3333 22.1118   -10.0   0   1    0    1       0.00   0.000   0.000   0.0
  0.0  -17.2500 20.1673   -10.0   0   1    0    1       0.00   0.000   0.000   0.0
  0.0  -17.2500 20.2455   -10.0   0   1    0    1       0.00   0.000   0.000   0.0
  0.0  -17.2500 20.3238   -10.0   0   1    0    1       0.00   0.000   0.000   0.0
  0.0  -17.2500 20.4020   -10.0   0   1    0    1       0.00   0.000   0.000   0.0
  0.0  -17.2500 20.4801   -10.0   0   1    0    1       0.00   0.000   0.000   0.0
  0.0  -17.2500 20.5582   -10.0   0   1    0    1       0.00   0.000   0.000   0.0
  0.0  -17.2500 20.6363   -10.0   0   1    0    1       0.00   0.000   0.000   0.0
  0.0  -17.2500 20.7143   -10.0   0   1    0    1       0.00   0.000   0.000   0.0
  0.0  -17.2500 20.7923   -10.0   0   1    0    1       0.00   0.000   0.000   0.0
  0.0  -17.2500 20.8702   -10.0   0   1    0    1       0.00   0.000   0.000   0.0
  0.0  -17.2500 20.9481   -10.0   0   1    0    1       0.00   0.000   0.000   0.0
  0.0  -17.2500 21.0260   -10.0   0   1    0    1       0.00   0.000   0.000   0.0
  0.0  -17.2500 21.1038   -10.0   0   1    0    1       0.00   0.000   0.000   0.0
  0.0  -17.2500 21.1816   -10.0   0   1    0    1       0.00   0.000   0.000   0.0
  0.0  -17.2500 21.2594   -10.0   0   1    0    1       0.00   0.000   0.000   0.0
  0.0  -17.2500 21.3371   -10.0   0   1    0    1       0.00   0.000   0.000   0.0
  0.0  -17.2500 21.4147   -10.0   0   1    0    1       0.00   0.000   0.000   0.0
  0.0  -17.2500 21.4923   -10.0   0   1    0    1       0.00   0.000   0.000   0.0
  0.0  -17.2500 21.5699   -10.0   0   1    0    1       0.00   0.000   0.000   0.0
  0.0  -17.2500 21.6475   -10.0   0   1    0    1       0.00   0.000   0.000   0.0
  0.0  -17.2500 21.7250   -10.0   0   1    0    1       0.00   0.000   0.000   0.0
  0.0  -17.2500 21.8024   -10.0   0   1    0    1       0.00   0.000   0.000   0.0
  0.0  -17.2500 21.8798   -10.0   0   1    0    1       0.00   0.000   0.000   0.0
  0.0  -17.2500 21.9572   -10.0   0   1    0    1       0.00   0.000   0.000   0.0
  0.0  -17.2500 22.0345   -10.0   0   1    0    1       0.00   0.000   0.000   0.0
  0.0  -17.2500 22.1118   -10.0   0   1    0    1       0.00   0.000   0.000   0.0
  0.0  -17.2500 22.1891   -10.0   0   1    0    1       0.00   0.000   0.000   0.0
  0.0  -17.2500 22.2663   -10.0   0   1    0    1       0.00   0.000   0.000   0.0
  0.0  -17.1667 20.1673   -10.0   0   1    0    1       0.00   0.000   0.000   0.0
  0.0  -17.1667 20.2455   -10.0   0   1    0    1       0.00   0.000   0.000   0.0
  0.0  -17.1667 20.3238   -10.0   0   1    0    1       0.00   0.000   0.000   0.0
  0.0  -17.1667 20.4020   -10.0   0   1    0    1       0.00   0.000   0.000   0.0
  0.0  -17.1667 20.4801   -10.0   0   1    0    1       0.00   0.000   0.000   0.0
  0.0  -17.1667 20.5582   -10.0   0   1    0    1       0.00   0.000   0.000   0.0
  0.0  -17.1667 20.6363   -10.0   0   1    0    1       0.00   0.000   0.000   0.0
  0.0  -17.1667 20.7143   -10.0   0   1    0    1       0.00   0.000   0.000   0.0
  0.0  -17.1667 20.7923   -10.0   0   1    0    1       0.00   0.000   0.000   0.0
  0.0  -17.1667 20.8702   -10.0   0   1    0    1       0.00   0.000   0.000   0.0
  0.0  -17.1667 20.9481   -10.0   0   1    0    1       0.00   0.000   0.000   0.0
  0.0  -17.1667 21.0260   -10.0   0   1    0    1       0.00   0.000   0.000   0.0
  0.0  -17.1667 21.1038   -10.0   0   1    0    1       0.00   0.000   0.000   0.0
  0.0  -17.1667 21.1816   -10.0   0   1    0    1       0.00   0.000   0.000   0.0
  0.0  -17.1667 21.2594   -10.0   0   1    0    1       0.00   0.000   0.000   0.0
  0.0  -17.1667 21.3371   -10.0   0   1    0    1       0.00   0.000   0.000   0.0
  0.0  -17.1667 21.4147   -10.0   0   1    0    1       0.00   0.000   0.000   0.0
  0.0  -17.1667 21.4923   -10.0   0   1    0    1       0.00   0.000   0.000   0.0
  0.0  -17.1667 21.5699   -10.0   0   1    0    1       0.00   0.000   0.000   0.0
  0.0  -17.1667 21.6475   -10.0   0   1    0    1       0.00   0.000   0.000   0.0
  0.0  -17.1667 21.7250   -10.0   0   1    0    1       0.00   0.000   0.000   0.0
  0.0  -17.1667 21.8024   -10.0   0   1    0    1       0.00   0.000   0.000   0.0
  0.0  -17.1667 21.8798   -10.0   0   1    0    1       0.00   0.000   0.000   0.0
  0.0  -17.1667 21.9572   -10.0   0   1    0    1       0.00   0.000   0.000   0.0
  0.0  -17.1667 22.0345   -10.0   0   1    0    1       0.00   0.000   0.000   0.0
  0.0  -17.1667 22.1118   -10.0   0   1    0    1       0.00   0.000   0.000   0.0
  0.0  -17.1667 22.1891   -10.0   0   1    0    1       0.00   0.000   0.000   0.0
  0.0  -17.1667 22.2663   -10.0   0   1    0    1       0.00   0.000   0.000   0.0
  0.0  -17.1667 22.3434   -10.0   0   1    0    1       0.00   0.000   0.000   0.0
  0.0  -17.1667 22.4206   -10.0   0   1    0    1       0.00   0.000   0.000   0.0
  0.0  -17.0833 20.1673   -10.0   0   1    0    1       0.00   0.000   0.000   0.0
  0.0  -17.0833 20.2455   -10.0   0   1    0    1       0.00   0.000   0.000   0.0
  0.0  -17.0833 20.3238   -10.0   0   1    0    1       0.00   0.000   0.000   0.0
  0.0  -17.0833 20.4020   -10.0   0   1    0    1       0.00   0.000   0.000   0.0
  0.0  -17.0833 20.4801   -10.0   0   1    0    1       0.00   0.000   0.000   0.0
  0.0  -17.0833 20.5582   -10.0   0   1    0    1       0.00   0.000   0.000   0.0
  0.0  -17.0833 20.6363   -10.0   0   1    0    1       0.00   0.000   0.000   0.0
  0.0  -17.0833 20.7143   -10.0   0   1    0    1       0.00   0.000   0.000   0.0
  0.0  -17.0833 20.7923   -10.0   0   1    0    1       0.00   0.000   0.000   0.0
  0.0  -17.0833 20.8702   -10.0   0   1    0    1       0.00   0.000   0.000   0.0
  0.0  -17.0833 20.9481   -10.0   0   1    0    1       0.00   0.000   0.000   0.0
  0.0  -17.0833 21.0260   -10.0   0   1    0    1       0.00   0.000   0.000   0.0
  0.0  -17.0833 21.1038   -10.0   0   1    0    1       0.00   0.000   0.000   0.0
  0.0  -17.0833 21.1816   -10.0   0   1    0    1       0.00   0.000   0.000   0.0
  0.0  -17.0833 21.2594   -10.0   0   1    0    1       0.00   0.000   0.000   0.0
  0.0  -17.0833 21.3371   -10.0   0   1    0    1       0.00   0.000   0.000   0.0
  0.0  -17.0833 21.4147   -10.0   0   1    0    1       0.00   0.000   0.000   0.0
  0.0  -17.0833 21.4923   -10.0   0   1    0    1       0.00   0.000   0.000   0.0
  0.0  -17.0833 21.5699   -10.0   0   1    0    1       0.00   0.000   0.000   0.0
  0.0  -17.0833 21.6475   -10.0   0   1    0    1       0.00   0.000   0.000   0.0
  0.0  -17.0833 21.7250   -10.0   0   1    0    1       0.00   0.000   0.000   0.0
  0.0  -17.0833 21.8024   -10.0   0   1    0    1       0.00   0.000   0.000   0.0
  0.0  -17.0833 21.8798   -10.0   0   1    0    1       0.00   0.000   0.000   0.0
  0.0  -17.0833 21.9572   -10.0   0   1    0    1       0.00   0.000   0.000   0.0
  0.0  -17.0833 22.0345   -10.0   0   1    0    1       0.00   0.000   0.000   0.0
  0.0  -17.0833 22.1118   -10.0   0   1    0    1       0.00   0.000   0.000   0.0
  0.0  -17.0833 22.1891   -10.0   0   1    0    1       0.00   0.000   0.000   0.0
  0.0  -17.0833 22.2663   -10.0   0   1    0    1       0.00   0.000   0.000   0.0
  0.0  -17.0833 22.3434   -10.0   0   1    0    1       0.00   0.000   0.000   0.0
  0.0  -17.0833 22.4206   -10.0   0   1    0    1       0.00   0.000   0.000   0.0
  0.0  -17.0833 22.4976   -10.0   0   1    0    1       0.00   0.000   0.000   0.0
  0.0  -17.0833 22.5747   -10.0   0   1    0    1       0.00   0.000   0.000   0.0
  0.0  -17.0000 20.1673   -10.0   0   1    0    1       0.00   0.000   0.000   0.0
  0.0  -17.0000 20.2455   -10.0   0   1    0    1       0.00   0.000   0.000   0.0
  0.0  -17.0000 20.3238   -10.0   0   1    0    1       0.00   0.000   0.000   0.0
  0.0  -17.0000 20.4020   -10.0   0   1    0    1       0.00   0.000   0.000   0.0
  0.0  -17.0000 20.4801   -10.0   0   1    0    1       0.00   0.000   0.000   0.0
  0.0  -17.0000 20.5582   -10.0   0   1    0    1       0.00   0.000   0.000   0.0
  0.0  -17.0000 20.6363   -10.0   0   1    0    1       0.00   0.000   0.000   0.0
  0.0  -17.0000 20.7143   -10.0   0   1    0    1       0.00   0.000   0.000   0.0
  0.0  -17.0000 20.7923   -10.0   0   1    0    1       0.00   0.000   0.000   0.0
  0.0  -17.0000 20.8702   -10.0   0   1    0    1       0.00   0.000   0.000   0.0
  0.0  -17.0000 20.9481   -10.0   0   1    0    1       0.00   0.000   0.000   0.0
  0.0  -17.0000 21.0260   -10.0   0   1    0    1       0.00   0.000   0.000   0.0
  0.0  -17.0000 21.1038   -10.0   0   1    0    1       0.00   0.000   0.000   0.0
  0.0  -17.0000 21.4147   -10.0   0   1    0    1       0.00   0.000   0.000   0.0
  0.0  -17.0000 21.4923   -10.0   0   1    0    1       0.00   0.000   0.000   0.0
  0.0  -17.0000 21.5699   -10.0   0   1    0    1       0.00   0.000   0.000   0.0
  0.0  -17.0000 21.6475   -10.0   0   1    0    1       0.00   0.000   0.000   0.0
  0.0  -17.0000 21.7250   -10.0   0   1    0    1       0.00   0.000   0.000   0.0
  0.0  -17.0000 21.8024   -10.0   0   1    0    1       0.00   0.000   0.000   0.0
  0.0  -17.0000 21.8798   -10.0   0   1    0    1       0.00   0.000   0.000   0.0
  0.0  -17.0000 21.9572   -10.0   0   1    0    1       0.00   0.000   0.000   0.0
  0.0  -17.0000 22.0345   -10.0   0   1    0    1       0.00   0.000   0.000   0.0
  0.0  -17.0000 22.1118   -10.0   0   1    0    1       0.00   0.000   0.000   0.0
  0.0  -17.0000 22.1891   -10.0   0   1    0    1       0.00   0.000   0.000   0.0
  0.0  -17.0000 22.2663   -10.0   0   1    0    1       0.00   0.000   0.000   0.0
  0.0  -17.0000 22.3434   -10.0   0   1    0    1       0.00   0.000   0.000   0.0
  0.0  -17.0000 22.4206   -10.0   0   1    0    1       0.00   0.000   0.000   0.0
  0.0  -17.0000 22.4976   -10.0   0   1    0    1       0.00   0.000   0.000   0.0
  0.0  -17.0000 22.5747   -10.0   0   1    0    1       0.00   0.000   0.000   0.0
  0.0  -17.0000 22.6517   -10.0   0   1    0    1       0.00   0.000   0.000   0.0
  0.0  -17.0000 22.7286   -10.0   0   1    0    1       0.00   0.000   0.000   0.0
  0.0  -17.0000 22.8055   -10.0   0   1    0    1       0.00   0.000   0.000   0.0
  0.0  -17.0000 22.8824   -10.0   0   1    0    1       0.00   0.000   0.000   0.0
  0.0  -17.0000 22.9592   -10.0   0   1    0    1       0.00   0.000   0.000   0.0
  0.0  -16.9167 20.1673   -10.0   0   1    0    1       0.00   0.000   0.000   0.0
  0.0  -16.9167 20.2455   -10.0   0   1    0    1       0.00   0.000   0.000   0.0
  0.0  -16.9167 20.3238   -10.0   0   1    0    1       0.00   0.000   0.000   0.0
  0.0  -16.9167 20.4020   -10.0   0   1    0    1       0.00   0.000   0.000   0.0
  0.0  -16.9167 20.4801   -10.0   0   1    0    1       0.00   0.000   0.000   0.0
  0.0  -16.9167 20.5582   -10.0   0   1    0    1       0.00   0.000   0.000   0.0
  0.0  -16.9167 20.6363   -10.0   0   1    0    1       0.00   0.000   0.000   0.0
  0.0  -16.9167 20.7143   -10.0   0   1    0    1       0.00   0.000   0.000   0.0
  0.0  -16.9167 20.7923   -10.0   0   1    0    1       0.00   0.000   0.000   0.0
  0.0  -16.9167 20.8702   -10.0   0   1    0    1       0.00   0.000   0.000   0.0
  0.0  -16.9167 20.9481   -10.0   0   1    0    1       0.00   0.000   0.000   0.0
  0.0  -16.9167 21.0260   -10.0   0   1    0    1       0.00   0.000   0.000   0.0
  0.0  -16.9167 21.1038   -10.0   0   1    0    1       0.00   0.000   0.000   0.0
  0.0  -16.9167 21.8798   -10.0   0   1    0    1       0.00   0.000   0.000   0.0
  0.0  -16.9167 21.9572   -10.0   0   1    0    1       0.00   0.000   0.000   0.0
  0.0  -16.9167 22.0345   -10.0   0   1    0    1       0.00   0.000   0.000   0.0
  0.0  -16.9167 22.1118   -10.0   0   1    0    1       0.00   0.000   0.000   0.0
  0.0  -16.9167 22.1891   -10.0   0   1    0    1       0.00   0.000   0.000   0.0
  0.0  -16.9167 22.2663   -10.0   0   1    0    1       0.00   0.000   0.000   0.0
  0.0  -16.9167 22.3434   -10.0   0   1    0    1       0.00   0.000   0.000   0.0
  0.0  -16.9167 22.4206   -10.0   0   1    0    1       0.00   0.000   0.000   0.0
  0.0  -16.9167 22.4976   -10.0   0   1    0    1       0.00   0.000   0.000   0.0
  0.0  -16.9167 22.5747   -10.0   0   1    0    1       0.00   0.000   0.000   0.0
  0.0  -16.9167 22.6517   -10.0   0   1    0    1       0.00   0.000   0.000   0.0
  0.0  -16.9167 22.7286   -10.0   0   1    0    1       0.00   0.000   0.000   0.0
  0.0  -16.9167 22.8055   -10.0   0   1    0    1       0.00   0.000   0.000   0.0
  0.0  -16.9167 22.8824   -10.0   0   1    0    1       0.00   0.000   0.000   0.0
  0.0  -16.9167 22.9592   -10.0   0   1    0    1       0.00   0.000   0.000   0.0
  0.0  -16.9167 23.0360   -10.0   0   1    0    1       0.00   0.000   0.000   0.0
  0.0  -16.9167 23.1127   -10.0   0   1    0    1       0.00   0.000   0.000   0.0
  0.0  -16.9167 23.1894   -10.0   0   1    0    1       0.00   0.000   0.000   0.0
  0.0  -16.9167 23.2660   -10.0   0   1    0    1       0.00   0.000   0.000   0.0
  0.0  -16.8333 20.1673   -10.0   0   1    0    1       0.00   0.000   0.000   0.0
  0.0  -16.8333 20.2455   -10.0   0   1    0    1       0.00   0.000   0.000   0.0
  0.0  -16.8333 20.3238   -10.0   0   1    0    1       0.00   0.000   0.000   0.0
  0.0  -16.8333 20.4020   -10.0   0   1    0    1       0.00   0.000   0.000   0.0
  0.0  -16.8333 20.4801   -10.0   0   1    0    1       0.00   0.000   0.000   0.0
  0.0  -16.8333 20.5582   -10.0   0   1    0    1       0.00   0.000   0.000   0.0
  0.0  -16.8333 20.6363   -10.0   0   1    0    1       0.00   0.000   0.000   0.0
  0.0  -16.8333 20.7143   -10.0   0   1    0    1       0.00   0.000   0.000   0.0
  0.0  -16.8333 20.7923   -10.0   0   1    0    1       0.00   0.000   0.000   0.0
  0.0  -16.8333 20.8702   -10.0   0   1    0    1       0.00   0.000   0.000   0.0
  0.0  -16.8333 20.9481   -10.0   0   1    0    1       0.00   0.000   0.000   0.0
  0.0  -16.8333 21.0260   -10.0   0   1    0    1       0.00   0.000   0.000   0.0
  0.0  -16.8333 21.1038   -10.0   0   1    0    1       0.00   0.000   0.000   0.0
  0.0  -16.8333 22.1118   -10.0   0   1    0    1       0.00   0.000   0.000   0.0
  0.0  -16.8333 22.1891   -10.0   0   1    0    1       0.00   0.000   0.000   0.0
  0.0  -16.8333 22.2663   -10.0   0   1    0    1       0.00   0.000   0.000   0.0
  0.0  -16.8333 22.3434   -10.0   0   1    0    1       0.00   0.000   0.000   0.0
  0.0  -16.8333 22.4206   -10.0   0   1    0    1       0.00   0.000   0.000   0.0
  0.0  -16.8333 22.4976   -10.0   0   1    0    1       0.00   0.000   0.000   0.0
  0.0  -16.8333 22.5747   -10.0   0   1    0    1       0.00   0.000   0.000   0.0
  0.0  -16.8333 22.6517   -10.0   0   1    0    1       0.00   0.000   0.000   0.0
  0.0  -16.8333 22.7286   -10.0   0   1    0    1       0.00   0.000   0.000   0.0
  0.0  -16.8333 22.8055   -10.0   0   1    0    1       0.00   0.000   0.000   0.0
  0.0  -16.8333 22.8824   -10.0   0   1    0    1       0.00   0.000   0.000   0.0
  0.0  -16.8333 22.9592   -10.0   0   1    0    1       0.00   0.000   0.000   0.0
  0.0  -16.8333 23.0360   -10.0   0   1    0    1       0.00   0.000   0.000   0.0
  0.0  -16.8333 23.1127   -10.0   0   1    0    1       0.00   0.000   0.000   0.0
  0.0  -16.8333 23.1894   -10.0   0   1    0    1       0.00   0.000   0.000   0.0
  0.0  -16.8333 23.2660   -10.0   0   1    0    1       0.00   0.000   0.000   0.0
  0.0  -16.8333 23.3426   -10.0   0   1    0    1       0.00   0.000   0.000   0.0
  0.0  -16.8333 23.4192   -10.0   0   1    0    1       0.00   0.000   0.000   0.0
  0.0  -16.8333 23.4957   -10.0   0   1    0    1       0.00   0.000   0.000   0.0
  0.0  -16.8333 23.5722   -10.0   0   1    0    1       0.00   0.000   0.000   0.0
  0.0  -16.7500 20.1673   -10.0   0   1    0    1       0.00   0.000   0.000   0.0
  0.0  -16.7500 20.2455   -10.0   0   1    0    1       0.00   0.000   0.000   0.0
  0.0  -16.7500 20.3238   -10.0   0   1    0    1       0.00   0.000   0.000   0.0
  0.0  -16.7500 20.4020   -10.0   0   1    0    1       0.00   0.000   0.000   0.0
  0.0  -16.7500 20.4801   -10.0   0   1    0    1       0.00   0.000   0.000   0.0
  0.0  -16.7500 20.5582   -10.0   0   1    0    1       0.00   0.000   0.000   0.0
  0.0  -16.7500 20.6363   -10.0   0   1    0    1       0.00   0.000   0.000   0.0
  0.0  -16.7500 20.7143   -10.0   0   1    0    1       0.00   0.000   0.000   0.0
  0.0  -16.7500 20.7923   -10.0   0   1    0    1       0.00   0.000   0.000   0.0
  0.0  -16.7500 22.2663   -10.0   0   1    0    1       0.00   0.000   0.000   0.0
  0.0  -16.7500 22.3434   -10.0   0   1    0    1       0.00   0.000   0.000   0.0
  0.0  -16.7500 22.4206   -10.0   0   1    0    1       0.00   0.000   0.000   0.0
  0.0  -16.7500 22.4976   -10.0   0   1    0    1       0.00   0.000   0.000   0.0
  0.0  -16.7500 22.5747   -10.0   0   1    0    1       0.00   0.000   0.000   0.0
  0.0  -16.7500 22.6517   -10.0   0   1    0    1       0.00   0.000   0.000   0.0
  0.0  -16.7500 22.7286   -10.0   0   1    0    1       0.00   0.000   0.000   0.0
  0.0  -16.7500 22.8055   -10.0   0   1    0    1       0.00   0.000   0.000   0.0
  0.0  -16.7500 22.8824   -10.0   0   1    0    1       0.00   0.000   0.000   0.0
  0.0  -16.7500 22.9592   -10.0   0   1    0    1       0.00   0.000   0.000   0.0
  0.0  -16.7500 23.0360   -10.0   0   1    0    1       0.00   0.000   0.000   0.0
  0.0  -16.7500 23.1127   -10.0   0   1    0    1       0.00   0.000   0.000   0.0
  0.0  -16.7500 23.1894   -10.0   0   1    0    1       0.00   0.000   0.000   0.0
  0.0  -16.7500 23.2660   -10.0   0   1    0    1       0.00   0.000   0.000   0.0
  0.0  -16.7500 23.3426   -10.0   0   1    0    1       0.00   0.000   0.000   0.0
  0.0  -16.7500 23.4192   -10.0   0   1    0    1       0.00   0.000   0.000   0.0
  0.0  -16.7500 23.4957   -10.0   0   1    0    1       0.00   0.000   0.000   0.0
  0.0  -16.7500 23.5722   -10.0   0   1    0    1       0.00   0.000   0.000   0.0
  0.0  -16.7500 23.6486   -10.0   0   1    0    1       0.00   0.000   0.000   0.0
  0.0  -16.7500 23.7250   -10.0   0   1    0    1       0.00   0.000   0.000   0.0
  0.0  -16.6667 20.1673   -10.0   0   1    0    1       0.00   0.000   0.000   0.0
  0.0  -16.6667 20.2455   -10.0   0   1    0    1       0.00   0.000   0.000   0.0
  0.0  -16.6667 20.3238   -10.0   0   1    0    1       0.00   0.000   0.000   0.0
  0.0  -16.6667 20.4020   -10.0   0   1    0    1       0.00   0.000   0.000   0.0
  0.0  -16.6667 20.4801   -10.0   0   1    0    1       0.00   0.000   0.000   0.0
  0.0  -16.6667 20.5582   -10.0   0   1    0    1       0.00   0.000   0.000   0.0
  0.0  -16.6667 20.6363   -10.0   0   1    0    1       0.00   0.000   0.000   0.0
  0.0  -16.6667 20.7143   -10.0   0   1    0    1       0.00   0.000   0.000   0.0
  0.0  -16.6667 22.3434   -10.0   0   1    0    1       0.00   0.000   0.000   0.0
  0.0  -16.6667 22.4206   -10.0   0   1    0    1       0.00   0.000   0.000   0.0
  0.0  -16.6667 22.4976   -10.0   0   1    0    1       0.00   0.000   0.000   0.0
  0.0  -16.6667 22.5747   -10.0   0   1    0    1       0.00   0.000   0.000   0.0
  0.0  -16.6667 22.6517   -10.0   0   1    0    1       0.00   0.000   0.000   0.0
  0.0  -16.6667 22.7286   -10.0   0   1    0    1       0.00   0.000   0.000   0.0
  0.0  -16.6667 22.8055   -10.0   0   1    0    1       0.00   0.000   0.000   0.0
  0.0  -16.6667 22.8824   -10.0   0   1    0    1       0.00   0.000   0.000   0.0
  0.0  -16.6667 22.9592   -10.0   0   1    0    1       0.00   0.000   0.000   0.0
  0.0  -16.6667 23.0360   -10.0   0   1    0    1       0.00   0.000   0.000   0.0
  0.0  -16.6667 23.1127   -10.0   0   1    0    1       0.00   0.000   0.000   0.0
  0.0  -16.6667 23.1894   -10.0   0   1    0    1       0.00   0.000   0.000   0.0
  0.0  -16.6667 23.2660   -10.0   0   1    0    1       0.00   0.000   0.000   0.0
  0.0  -16.6667 23.3426   -10.0   0   1    0    1       0.00   0.000   0.000   0.0
  0.0  -16.6667 23.4192   -10.0   0   1    0    1       0.00   0.000   0.000   0.0
  0.0  -16.6667 23.4957   -10.0   0   1    0    1       0.00   0.000   0.000   0.0
  0.0  -16.6667 23.5722   -10.0   0   1    0    1       0.00   0.000   0.000   0.0
  0.0  -16.6667 23.6486   -10.0   0   1    0    1       0.00   0.000   0.000   0.0
  0.0  -16.6667 23.7250   -10.0   0   1    0    1       0.00   0.000   0.000   0.0
  0.0  -16.6667 23.8013   -10.0   0   1    0    1       0.00   0.000   0.000   0.0
  0.0  -16.6667 23.8776   -10.0   0   1    0    1       0.00   0.000   0.000   0.0
  0.0  -16.5833 20.1673   -10.0   0   1    0    1       0.00   0.000   0.000   0.0
  0.0  -16.5833 20.2455   -10.0   0   1    0    1       0.00   0.000   0.000   0.0
  0.0  -16.5833 20.3238   -10.0   0   1    0    1       0.00   0.000   0.000   0.0
  0.0  -16.5833 20.4020   -10.0   0   1    0    1       0.00   0.000   0.000   0.0
  0.0  -16.5833 20.4801   -10.0   0   1    0    1       0.00   0.000   0.000   0.0
  0.0  -16.5833 20.5582   -10.0   0   1    0    1       0.00   0.000   0.000   0.0
  0.0  -16.5833 20.6363   -10.0   0   1    0    1       0.00   0.000   0.000   0.0
  0.0  -16.5833 22.3434   -10.0   0   1    0    1       0.00   0.000   0.000   0.0
  0.0  -16.5833 22.4206   -10.0   0   1    0    1       0.00   0.000   0.000   0.0
  0.0  -16.5833 22.4976   -10.0   0   1    0    1       0.00   0.000   0.000   0.0
  0.0  -16.5833 22.5747   -10.0   0   1    0    1       0.00   0.000   0.000   0.0
  0.0  -16.5833 22.6517   -10.0   0   1    0    1       0.00   0.000   0.000   0.0
  0.0  -16.5833 22.7286   -10.0   0   1    0    1       0.00   0.000   0.000   0.0
  0.0  -16.5833 22.8055   -10.0   0   1    0    1       0.00   0.000   0.000   0.0
  0.0  -16.5833 22.8824   -10.0   0   1    0    1       0.00   0.000   0.000   0.0
  0.0  -16.5833 22.9592   -10.0   0   1    0    1       0.00   0.000   0.000   0.0
  0.0  -16.5833 23.0360   -10.0   0   1    0    1       0.00   0.000   0.000   0.0
  0.0  -16.5833 23.1127   -10.0   0   1    0    1       0.00   0.000   0.000   0.0
  0.0  -16.5833 23.1894   -10.0   0   1    0    1       0.00   0.000   0.000   0.0
  0.0  -16.5833 23.2660   -10.0   0   1    0    1       0.00   0.000   0.000   0.0
  0.0  -16.5833 23.3426   -10.0   0   1    0    1       0.00   0.000   0.000   0.0
  0.0  -16.5833 23.4192   -10.0   0   1    0    1       0.00   0.000   0.000   0.0
  0.0  -16.5833 23.4957   -10.0   0   1    0    1       0.00   0.000   0.000   0.0
  0.0  -16.5833 23.5722   -10.0   0   1    0    1       0.00   0.000   0.000   0.0
  0.0  -16.5833 23.6486   -10.0   0   1    0    1       0.00   0.000   0.000   0.0
  0.0  -16.5833 23.7250   -10.0   0   1    0    1       0.00   0.000   0.000   0.0
  0.0  -16.5833 23.8013   -10.0   0   1    0    1       0.00   0.000   0.000   0.0
  0.0  -16.5833 23.8776   -10.0   0   1    0    1       0.00   0.000   0.000   0.0
  0.0  -16.5833 23.9539   -10.0   0   1    0    1       0.00   0.000   0.000   0.0
  0.0  -16.5833 24.0301   -10.0   0   1    0    1       0.00   0.000   0.000   0.0
  0.0  -16.5833 24.1062   -10.0   0   1    0    1       0.00   0.000   0.000   0.0
  0.0  -16.5000 20.1673   -10.0   0   1    0    1       0.00   0.000   0.000   0.0
  0.0  -16.5000 20.2455   -10.0   0   1    0    1       0.00   0.000   0.000   0.0
  0.0  -16.5000 20.3238   -10.0   0   1    0    1       0.00   0.000   0.000   0.0
  0.0  -16.5000 20.4020   -10.0   0   1    0    1       0.00   0.000   0.000   0.0
  0.0  -16.5000 20.4801   -10.0   0   1    0    1       0.00   0.000   0.000   0.0
  0.0  -16.5000 20.5582   -10.0   0   1    0    1       0.00   0.000   0.000   0.0
  0.0  -16.5000 20.6363   -10.0   0   1    0    1       0.00   0.000   0.000   0.0
  0.0  -16.5000 22.4206   -10.0   0   1    0    1       0.00   0.000   0.000   0.0
  0.0  -16.5000 22.4976   -10.0   0   1    0    1       0.00   0.000   0.000   0.0
  0.0  -16.5000 22.5747   -10.0   0   1    0    1       0.00   0.000   0.000   0.0
  0.0  -16.5000 22.6517   -10.0   0   1    0    1       0.00   0.000   0.000   0.0
  0.0  -16.5000 22.7286   -10.0   0   1    0    1       0.00   0.000   0.000   0.0
  0.0  -16.5000 22.8055   -10.0   0   1    0    1       0.00   0.000   0.000   0.0
  0.0  -16.5000 22.8824   -10.0   0   1    0    1       0.00   0.000   0.000   0.0
  0.0  -16.5000 22.9592   -10.0   0   1    0    1       0.00   0.000   0.000   0.0
  0.0  -16.5000 23.0360   -10.0   0   1    0    1       0.00   0.000   0.000   0.0
  0.0  -16.5000 23.1127   -10.0   0   1    0    1       0.00   0.000   0.000   0.0
  0.0  -16.5000 23.1894   -10.0   0   1    0    1       0.00   0.000   0.000   0.0
  0.0  -16.5000 23.2660   -10.0   0   1    0    1       0.00   0.000   0.000   0.0
  0.0  -16.5000 23.3426   -10.0   0   1    0    1       0.00   0.000   0.000   0.0
  0.0  -16.5000 23.4192   -10.0   0   1    0    1       0.00   0.000   0.000   0.0
  0.0  -16.5000 23.4957   -10.0   0   1    0    1       0.00   0.000   0.000   0.0
  0.0  -16.5000 23.5722   -10.0   0   1    0    1       0.00   0.000   0.000   0.0
  0.0  -16.5000 23.6486   -10.0   0   1    0    1       0.00   0.000   0.000   0.0
  0.0  -16.5000 23.7250   -10.0   0   1    0    1       0.00   0.000   0.000   0.0
  0.0  -16.5000 23.8013   -10.0   0   1    0    1       0.00   0.000   0.000   0.0
  0.0  -16.5000 23.8776   -10.0   0   1    0    1       0.00   0.000   0.000   0.0
  0.0  -16.5000 23.9539   -10.0   0   1    0    1       0.00   0.000   0.000   0.0
  0.0  -16.5000 24.0301   -10.0   0   1    0    1       0.00   0.000   0.000   0.0
  0.0  -16.5000 24.1062   -10.0   0   1    0    1       0.00   0.000   0.000   0.0
  0.0  -16.5000 24.1823   -10.0   0   1    0    1       0.00   0.000   0.000   0.0
  0.0  -16.4167 20.1673   -10.0   0   1    0    1       0.00   0.000   0.000   0.0
  0.0  -16.4167 20.2455   -10.0   0   1    0    1       0.00   0.000   0.000   0.0
  0.0  -16.4167 20.3238   -10.0   0   1    0    1       0.00   0.000   0.000   0.0
  0.0  -16.4167 20.4020   -10.0   0   1    0    1       0.00   0.000   0.000   0.0
  0.0  -16.4167 20.4801   -10.0   0   1    0    1       0.00   0.000   0.000   0.0
  0.0  -16.4167 20.5582   -10.0   0   1    0    1       0.00   0.000   0.000   0.0
  0.0  -16.4167 20.6363   -10.0   0   1    0    1       0.00   0.000   0.000   0.0
  0.0  -16.4167 22.5747   -10.0   0   1    0    1       0.00   0.000   0.000   0.0
  0.0  -16.4167 22.6517   -10.0   0   1    0    1       0.00   0.000   0.000   0.0
  0.0  -16.4167 22.7286   -10.0   0   1    0    1       0.00   0.000   0.000   0.0
  0.0  -16.4167 22.8055   -10.0   0   1    0    1       0.00   0.000   0.000   0.0
  0.0  -16.4167 22.8824   -10.0   0   1    0    1       0.00   0.000   0.000   0.0
  0.0  -16.4167 22.9592   -10.0   0   1    0    1       0.00   0.000   0.000   0.0
  0.0  -16.4167 23.0360   -10.0   0   1    0    1       0.00   0.000   0.000   0.0
  0.0  -16.4167 23.1127   -10.0   0   1    0    1       0.00   0.000   0.000   0.0
  0.0  -16.4167 23.1894   -10.0   0   1    0    1       0.00   0.000   0.000   0.0
  0.0  -16.4167 23.2660   -10.0   0   1    0    1       0.00   0.000   0.000   0.0
  0.0  -16.4167 23.3426   -10.0   0   1    0    1       0.00   0.000   0.000   0.0
  0.0  -16.4167 23.4192   -10.0   0   1    0    1       0.00   0.000   0.000   0.0
  0.0  -16.4167 23.4957   -10.0   0   1    0    1       0.00   0.000   0.000   0.0
  0.0  -16.4167 23.5722   -10.0   0   1    0    1       0.00   0.000   0.000   0.0
  0.0  -16.4167 23.6486   -10.0   0   1    0    1       0.00   0.000   0.000   0.0
  0.0  -16.4167 23.7250   -10.0   0   1    0    1       0.00   0.000   0.000   0.0
  0.0  -16.4167 23.8013   -10.0   0   1    0    1       0.00   0.000   0.000   0.0
  0.0  -16.4167 23.8776   -10.0   0   1    0    1       0.00   0.000   0.000   0.0
  0.0  -16.4167 23.9539   -10.0   0   1    0    1       0.00   0.000   0.000   0.0
  0.0  -16.4167 24.0301   -10.0   0   1    0    1       0.00   0.000   0.000   0.0
  0.0  -16.4167 24.1062   -10.0   0   1    0    1       0.00   0.000   0.000   0.0
  0.0  -16.4167 24.1823   -10.0   0   1    0    1       0.00   0.000   0.000   0.0
  0.0  -16.4167 24.2584   -10.0   0   1    0    1       0.00   0.000   0.000   0.0
  0.0  -16.4167 24.3344   -10.0   0   1    0    1       0.00   0.000   0.000   0.0
  0.0  -16.3333 22.7286   -10.0   0   1    0    1       0.00   0.000   0.000   0.0
  0.0  -16.3333 22.8055   -10.0   0   1    0    1       0.00   0.000   0.000   0.0
  0.0  -16.3333 22.8824   -10.0   0   1    0    1       0.00   0.000   0.000   0.0
  0.0  -16.3333 22.9592   -10.0   0   1    0    1       0.00   0.000   0.000   0.0
  0.0  -16.3333 23.0360   -10.0   0   1    0    1       0.00   0.000   0.000   0.0
  0.0  -16.3333 23.1127   -10.0   0   1    0    1       0.00   0.000   0.000   0.0
  0.0  -16.3333 23.1894   -10.0   0   1    0    1       0.00   0.000   0.000   0.0
  0.0  -16.3333 23.2660   -10.0   0   1    0    1       0.00   0.000   0.000   0.0
  0.0  -16.3333 23.3426   -10.0   0   1    0    1       0.00   0.000   0.000   0.0
  0.0  -16.3333 23.4192   -10.0   0   1    0    1       0.00   0.000   0.000   0.0
  0.0  -16.3333 23.4957   -10.0   0   1    0    1       0.00   0.000   0.000   0.0
  0.0  -16.3333 23.5722   -10.0   0   1    0    1       0.00   0.000   0.000   0.0
  0.0  -16.3333 23.6486   -10.0   0   1    0    1       0.00   0.000   0.000   0.0
  0.0  -16.3333 23.7250   -10.0   0   1    0    1       0.00   0.000   0.000   0.0
  0.0  -16.3333 23.8013   -10.0   0   1    0    1       0.00   0.000   0.000   0.0
  0.0  -16.3333 23.8776   -10.0   0   1    0    1       0.00   0.000   0.000   0.0
  0.0  -16.3333 23.9539   -10.0   0   1    0    1       0.00   0.000   0.000   0.0
  0.0  -16.3333 24.0301   -10.0   0   1    0    1       0.00   0.000   0.000   0.0
  0.0  -16.3333 24.1062   -10.0   0   1    0    1       0.00   0.000   0.000   0.0
  0.0  -16.3333 24.1823   -10.0   0   1    0    1       0.00   0.000   0.000   0.0
  0.0  -16.3333 24.2584   -10.0   0   1    0    1       0.00   0.000   0.000   0.0
  0.0  -16.3333 24.3344   -10.0   0   1    0    1       0.00   0.000   0.000   0.0
  0.0  -16.3333 24.4104   -10.0   0   1    0    1       0.00   0.000   0.000   0.0
  0.0  -16.3333 24.4863   -10.0   0   1    0    1       0.00   0.000   0.000   0.0
  0.0  -16.2500 22.9592   -10.0   0   1    0    1       0.00   0.000   0.000   0.0
  0.0  -16.2500 23.0360   -10.0   0   1    0    1       0.00   0.000   0.000   0.0
  0.0  -16.2500 23.1127   -10.0   0   1    0    1       0.00   0.000   0.000   0.0
  0.0  -16.2500 23.1894   -10.0   0   1    0    1       0.00   0.000   0.000   0.0
  0.0  -16.2500 23.2660   -10.0   0   1    0    1       0.00   0.000   0.000   0.0
  0.0  -16.2500 23.3426   -10.0   0   1    0    1       0.00   0.000   0.000   0.0
  0.0  -16.2500 23.4192   -10.0   0   1    0    1       0.00   0.000   0.000   0.0
  0.0  -16.2500 23.4957   -10.0   0   1    0    1       0.00   0.000   0.000   0.0
  0.0  -16.2500 23.5722   -10.0   0   1    0    1       0.00   0.000   0.000   0.0
  0.0  -16.2500 23.6486   -10.0   0   1    0    1       0.00   0.000   0.000   0.0
  0.0  -16.2500 23.7250   -10.0   0   1    0    1       0.00   0.000   0.000   0.0
  0.0  -16.2500 23.8013   -10.0   0   1    0    1       0.00   0.000   0.000   0.0
  0.0  -16.2500 23.8776   -10.0   0   1    0    1       0.00   0.000   0.000   0.0
  0.0  -16.2500 23.9539   -10.0   0   1    0    1       0.00   0.000   0.000   0.0
  0.0  -16.2500 24.0301   -10.0   0   1    0    1       0.00   0.000   0.000   0.0
  0.0  -16.2500 24.1062   -10.0   0   1    0    1       0.00   0.000   0.000   0.0
  0.0  -16.2500 24.1823   -10.0   0   1    0    1       0.00   0.000   0.000   0.0
  0.0  -16.2500 24.2584   -10.0   0   1    0    1       0.00   0.000   0.000   0.0
  0.0  -16.2500 24.3344   -10.0   0   1    0    1       0.00   0.000   0.000   0.0
  0.0  -16.2500 24.4104   -10.0   0   1    0    1       0.00   0.000   0.000   0.0
  0.0  -16.2500 24.4863   -10.0   0   1    0    1       0.00   0.000   0.000   0.0
  0.0  -16.2500 24.5622   -10.0   0   1    0    1       0.00   0.000   0.000   0.0
  0.0  -16.2500 24.6380   -10.0   0   1    0    1       0.00   0.000   0.000   0.0
  0.0  -16.2500 24.7138   -10.0   0   1    0    1       0.00   0.000   0.000   0.0
  0.0  -16.2500 24.7896   -10.0   0   1    0    1       0.00   0.000   0.000   0.0
  0.0  -16.1667 23.0360   -10.0   0   1    0    1       0.00   0.000   0.000   0.0
  0.0  -16.1667 23.1127   -10.0   0   1    0    1       0.00   0.000   0.000   0.0
  0.0  -16.1667 23.1894   -10.0   0   1    0    1       0.00   0.000   0.000   0.0
  0.0  -16.1667 23.2660   -10.0   0   1    0    1       0.00   0.000   0.000   0.0
  0.0  -16.1667 23.3426   -10.0   0   1    0    1       0.00   0.000   0.000   0.0
  0.0  -16.1667 23.4192   -10.0   0   1    0    1       0.00   0.000   0.000   0.0
  0.0  -16.1667 23.4957   -10.0   0   1    0    1       0.00   0.000   0.000   0.0
  0.0  -16.1667 23.5722   -10.0   0   1    0    1       0.00   0.000   0.000   0.0
  0.0  -16.1667 23.6486   -10.0   0   1    0    1       0.00   0.000   0.000   0.0
  0.0  -16.1667 23.7250   -10.0   0   1    0    1       0.00   0.000   0.000   0.0
  0.0  -16.1667 23.8013   -10.0   0   1    0    1       0.00   0.000   0.000   0.0
  0.0  -16.1667 23.8776   -10.0   0   1    0    1       0.00   0.000   0.000   0.0
  0.0  -16.1667 23.9539   -10.0   0   1    0    1       0.00   0.000   0.000   0.0
  0.0  -16.1667 24.0301   -10.0   0   1    0    1       0.00   0.000   0.000   0.0
  0.0  -16.1667 24.1062   -10.0   0   1    0    1       0.00   0.000   0.000   0.0
  0.0  -16.1667 24.1823   -10.0   0   1    0    1       0.00   0.000   0.000   0.0
  0.0  -16.1667 24.2584   -10.0   0   1    0    1       0.00   0.000   0.000   0.0
  0.0  -16.1667 24.3344   -10.0   0   1    0    1       0.00   0.000   0.000   0.0
  0.0  -16.1667 24.4104   -10.0   0   1    0    1       0.00   0.000   0.000   0.0
  0.0  -16.1667 24.4863   -10.0   0   1    0    1       0.00   0.000   0.000   0.0
  0.0  -16.1667 24.5622   -10.0   0   1    0    1       0.00   0.000   0.000   0.0
  0.0  -16.1667 24.6380   -10.0   0   1    0    1       0.00   0.000   0.000   0.0
  0.0  -16.1667 24.7138   -10.0   0   1    0    1       0.00   0.000   0.000   0.0
  0.0  -16.1667 24.7896   -10.0   0   1    0    1       0.00   0.000   0.000   0.0
  0.0  -16.1667 24.8653   -10.0   0   1    0    1       0.00   0.000   0.000   0.0
  0.0  -16.1667 24.9409   -10.0   0   1    0    1       0.00   0.000   0.000   0.0
  0.0  -16.0833 23.2660   -10.0   0   1    0    1       0.00   0.000   0.000   0.0
  0.0  -16.0833 23.3426   -10.0   0   1    0    1       0.00   0.000   0.000   0.0
  0.0  -16.0833 23.4192   -10.0   0   1    0    1       0.00   0.000   0.000   0.0
  0.0  -16.0833 23.4957   -10.0   0   1    0    1       0.00   0.000   0.000   0.0
  0.0  -16.0833 23.5722   -10.0   0   1    0    1       0.00   0.000   0.000   0.0
  0.0  -16.0833 23.6486   -10.0   0   1    0    1       0.00   0.000   0.000   0.0
  0.0  -16.0833 23.7250   -10.0   0   1    0    1       0.00   0.000   0.000   0.0
  0.0  -16.0833 23.8013   -10.0   0   1    0    1       0.00   0.000   0.000   0.0
  0.0  -16.0833 23.8776   -10.0   0   1    0    1       0.00   0.000   0.000   0.0
  0.0  -16.0833 23.9539   -10.0   0   1    0    1       0.00   0.000   0.000   0.0
  0.0  -16.0833 24.0301   -10.0   0   1    0    1       0.00   0.000   0.000   0.0
  0.0  -16.0833 24.1062   -10.0   0   1    0    1       0.00   0.000   0.000   0.0
  0.0  -16.0833 24.1823   -10.0   0   1    0    1       0.00   0.000   0.000   0.0
  0.0  -16.0833 24.2584   -10.0   0   1    0    1       0.00   0.000   0.000   0.0
  0.0  -16.0833 24.3344   -10.0   0   1    0    1       0.00   0.000   0.000   0.0
  0.0  -16.0833 24.4104   -10.0   0   1    0    1       0.00   0.000   0.000   0.0
  0.0  -16.0833 24.4863   -10.0   0   1    0    1       0.00   0.000   0.000   0.0
  0.0  -16.0833 24.5622   -10.0   0   1    0    1       0.00   0.000   0.000   0.0
  0.0  -16.0833 24.6380   -10.0   0   1    0    1       0.00   0.000   0.000   0.0
  0.0  -16.0833 24.7138   -10.0   0   1    0    1       0.00   0.000   0.000   0.0
  0.0  -16.0833 24.7896   -10.0   0   1    0    1       0.00   0.000   0.000   0.0
  0.0  -16.0833 24.8653   -10.0   0   1    0    1       0.00   0.000   0.000   0.0
  0.0  -16.0833 24.9409   -10.0   0   1    0    1       0.00   0.000   0.000   0.0
  0.0  -16.0833 25.0165   -10.0   0   1    0    1       0.00   0.000   0.000   0.0
  0.0  -16.0833 25.0921   -10.0   0   1    0    1       0.00   0.000   0.000   0.0
  0.0  -16.0000 23.4192   -10.0   0   1    0    1       0.00   0.000   0.000   0.0
  0.0  -16.0000 23.4957   -10.0   0   1    0    1       0.00   0.000   0.000   0.0
  0.0  -16.0000 23.5722   -10.0   0   1    0    1       0.00   0.000   0.000   0.0
  0.0  -16.0000 23.6486   -10.0   0   1    0    1       0.00   0.000   0.000   0.0
  0.0  -16.0000 23.7250   -10.0   0   1    0    1       0.00   0.000   0.000   0.0
  0.0  -16.0000 23.8013   -10.0   0   1    0    1       0.00   0.000   0.000   0.0
  0.0  -16.0000 23.8776   -10.0   0   1    0    1       0.00   0.000   0.000   0.0
  0.0  -16.0000 23.9539   -10.0   0   1    0    1       0.00   0.000   0.000   0.0
  0.0  -16.0000 24.0301   -10.0   0   1    0    1       0.00   0.000   0.000   0.0
  0.0  -16.0000 24.1062   -10.0   0   1    0    1       0.00   0.000   0.000   0.0
  0.0  -16.0000 24.1823   -10.0   0   1    0    1       0.00   0.000   0.000   0.0
  0.0  -16.0000 24.2584   -10.0   0   1    0    1       0.00   0.000   0.000   0.0
  0.0  -16.0000 24.3344   -10.0   0   1    0    1       0.00   0.000   0.000   0.0
  0.0  -16.0000 24.4104   -10.0   0   1    0    1       0.00   0.000   0.000   0.0
  0.0  -16.0000 24.4863   -10.0   0   1    0    1       0.00   0.000   0.000   0.0
  0.0  -16.0000 24.5622   -10.0   0   1    0    1       0.00   0.000   0.000   0.0
  0.0  -16.0000 24.6380   -10.0   0   1    0    1       0.00   0.000   0.000   0.0
  0.0  -16.0000 24.7138   -10.0   0   1    0    1       0.00   0.000   0.000   0.0
  0.0  -16.0000 24.7896   -10.0   0   1    0    1       0.00   0.000   0.000   0.0
  0.0  -16.0000 24.8653   -10.0   0   1    0    1       0.00   0.000   0.000   0.0
  0.0  -16.0000 24.9409   -10.0   0   1    0    1       0.00   0.000   0.000   0.0
  0.0  -16.0000 25.0165   -10.0   0   1    0    1       0.00   0.000   0.000   0.0
  0.0  -16.0000 25.0921   -10.0   0   1    0    1       0.00   0.000   0.000   0.0
  0.0  -16.0000 25.1676   -10.0   0   1    0    1       0.00   0.000   0.000   0.0
  0.0  -15.9167 23.7250   -10.0   0   1    0    1       0.00   0.000   0.000   0.0
  0.0  -15.9167 23.8013   -10.0   0   1    0    1       0.00   0.000   0.000   0.0
  0.0  -15.9167 23.8776   -10.0   0   1    0    1       0.00   0.000   0.000   0.0
  0.0  -15.9167 23.9539   -10.0   0   1    0    1       0.00   0.000   0.000   0.0
  0.0  -15.9167 24.0301   -10.0   0   1    0    1       0.00   0.000   0.000   0.0
  0.0  -15.9167 24.1062   -10.0   0   1    0    1       0.00   0.000   0.000   0.0
  0.0  -15.9167 24.1823   -10.0   0   1    0    1       0.00   0.000   0.000   0.0
  0.0  -15.9167 24.2584   -10.0   0   1    0    1       0.00   0.000   0.000   0.0
  0.0  -15.9167 24.3344   -10.0   0   1    0    1       0.00   0.000   0.000   0.0
  0.0  -15.9167 24.4104   -10.0   0   1    0    1       0.00   0.000   0.000   0.0
  0.0  -15.9167 24.4863   -10.0   0   1    0    1       0.00   0.000   0.000   0.0
  0.0  -15.9167 24.5622   -10.0   0   1    0    1       0.00   0.000   0.000   0.0
  0.0  -15.9167 24.6380   -10.0   0   1    0    1       0.00   0.000   0.000   0.0
  0.0  -15.9167 24.7138   -10.0   0   1    0    1       0.00   0.000   0.000   0.0
  0.0  -15.9167 24.7896   -10.0   0   1    0    1       0.00   0.000   0.000   0.0
  0.0  -15.9167 24.8653   -10.0   0   1    0    1       0.00   0.000   0.000   0.0
  0.0  -15.9167 24.9409   -10.0   0   1    0    1       0.00   0.000   0.000   0.0
  0.0  -15.9167 25.0165   -10.0   0   1    0    1       0.00   0.000   0.000   0.0
  0.0  -15.9167 25.0921   -10.0   0   1    0    1       0.00   0.000   0.000   0.0
  0.0  -15.9167 25.1676   -10.0   0   1    0    1       0.00   0.000   0.000   0.0
  0.0  -15.9167 25.2431   -10.0   0   1    0    1       0.00   0.000   0.000   0.0
  0.0  -15.8333 23.8013   -10.0   0   1    0    1       0.00   0.000   0.000   0.0
  0.0  -15.8333 23.8776   -10.0   0   1    0    1       0.00   0.000   0.000   0.0
  0.0  -15.8333 23.9539   -10.0   0   1    0    1       0.00   0.000   0.000   0.0
  0.0  -15.8333 24.0301   -10.0   0   1    0    1       0.00   0.000   0.000   0.0
  0.0  -15.8333 24.1062   -10.0   0   1    0    1       0.00   0.000   0.000   0.0
  0.0  -15.8333 24.1823   -10.0   0   1    0    1       0.00   0.000   0.000   0.0
  0.0  -15.8333 24.2584   -10.0   0   1    0    1       0.00   0.000   0.000   0.0
  0.0  -15.8333 24.3344   -10.0   0   1    0    1       0.00   0.000   0.000   0.0
  0.0  -15.8333 24.4104   -10.0   0   1    0    1       0.00   0.000   0.000   0.0
  0.0  -15.8333 24.4863   -10.0   0   1    0    1       0.00   0.000   0.000   0.0
  0.0  -15.8333 24.5622   -10.0   0   1    0    1       0.00   0.000   0.000   0.0
  0.0  -15.8333 24.6380   -10.0   0   1    0    1       0.00   0.000   0.000   0.0
  0.0  -15.8333 24.7138   -10.0   0   1    0    1       0.00   0.000   0.000   0.0
  0.0  -15.8333 24.7896   -10.0   0   1    0    1       0.00   0.000   0.000   0.0
  0.0  -15.8333 24.8653   -10.0   0   1    0    1       0.00   0.000   0.000   0.0
  0.0  -15.8333 24.9409   -10.0   0   1    0    1       0.00   0.000   0.000   0.0
  0.0  -15.8333 25.0165   -10.0   0   1    0    1       0.00   0.000   0.000   0.0
  0.0  -15.8333 25.0921   -10.0   0   1    0    1       0.00   0.000   0.000   0.0
  0.0  -15.8333 25.1676   -10.0   0   1    0    1       0.00   0.000   0.000   0.0
  0.0  -15.8333 25.2431   -10.0   0   1    0    1       0.00   0.000   0.000   0.0
  0.0  -15.8333 25.3185   -10.0   0   1    0    1       0.00   0.000   0.000   0.0
  0.0  -15.7500 23.8013   -10.0   0   1    0    1       0.00   0.000   0.000   0.0
  0.0  -15.7500 23.8776   -10.0   0   1    0    1       0.00   0.000   0.000   0.0
  0.0  -15.7500 23.9539   -10.0   0   1    0    1       0.00   0.000   0.000   0.0
  0.0  -15.7500 24.0301   -10.0   0   1    0    1       0.00   0.000   0.000   0.0
  0.0  -15.7500 24.1062   -10.0   0   1    0    1       0.00   0.000   0.000   0.0
  0.0  -15.7500 24.1823   -10.0   0   1    0    1       0.00   0.000   0.000   0.0
  0.0  -15.7500 24.2584   -10.0   0   1    0    1       0.00   0.000   0.000   0.0
  0.0  -15.7500 24.3344   -10.0   0   1    0    1       0.00   0.000   0.000   0.0
  0.0  -15.7500 24.4104   -10.0   0   1    0    1       0.00   0.000   0.000   0.0
  0.0  -15.7500 24.4863   -10.0   0   1    0    1       0.00   0.000   0.000   0.0
  0.0  -15.7500 24.5622   -10.0   0   1    0    1       0.00   0.000   0.000   0.0
  0.0  -15.7500 24.6380   -10.0   0   1    0    1       0.00   0.000   0.000   0.0
  0.0  -15.7500 24.7138   -10.0   0   1    0    1       0.00   0.000   0.000   0.0
  0.0  -15.7500 24.7896   -10.0   0   1    0    1       0.00   0.000   0.000   0.0
  0.0  -15.7500 24.8653   -10.0   0   1    0    1       0.00   0.000   0.000   0.0
  0.0  -15.7500 24.9409   -10.0   0   1    0    1       0.00   0.000   0.000   0.0
  0.0  -15.7500 25.0165   -10.0   0   1    0    1       0.00   0.000   0.000   0.0
  0.0  -15.7500 25.0921   -10.0   0   1    0    1       0.00   0.000   0.000   0.0
  0.0  -15.7500 25.1676   -10.0   0   1    0    1       0.00   0.000   0.000   0.0
  0.0  -15.7500 25.2431   -10.0   0   1    0    1       0.00   0.000   0.000   0.0
  0.0  -15.7500 25.3185   -10.0   0   1    0    1       0.00   0.000   0.000   0.0
  0.0  -15.7500 25.3939   -10.0   0   1    0    1       0.00   0.000   0.000   0.0
  0.0  -15.7500 25.4692   -10.0   0   1    0    1       0.00   0.000   0.000   0.0
  0.0  -15.6667 24.0301   -10.0   0   1    0    1       0.00   0.000   0.000   0.0
  0.0  -15.6667 24.1062   -10.0   0   1    0    1       0.00   0.000   0.000   0.0
  0.0  -15.6667 24.1823   -10.0   0   1    0    1       0.00   0.000   0.000   0.0
  0.0  -15.6667 24.2584   -10.0   0   1    0    1       0.00   0.000   0.000   0.0
  0.0  -15.6667 24.3344   -10.0   0   1    0    1       0.00   0.000   0.000   0.0
  0.0  -15.6667 24.4104   -10.0   0   1    0    1       0.00   0.000   0.000   0.0
  0.0  -15.6667 24.4863   -10.0   0   1    0    1       0.00   0.000   0.000   0.0
  0.0  -15.6667 24.5622   -10.0   0   1    0    1       0.00   0.000   0.000   0.0
  0.0  -15.6667 24.6380   -10.0   0   1    0    1       0.00   0.000   0.000   0.0
  0.0  -15.6667 24.7138   -10.0   0   1    0    1       0.00   0.000   0.000   0.0
  0.0  -15.6667 24.7896   -10.0   0   1    0    1       0.00   0.000   0.000   0.0
  0.0  -15.6667 24.8653   -10.0   0   1    0    1       0.00   0.000   0.000   0.0
  0.0  -15.6667 24.9409   -10.0   0   1    0    1       0.00   0.000   0.000   0.0
  0.0  -15.6667 25.0165   -10.0   0   1    0    1       0.00   0.000   0.000   0.0
  0.0  -15.6667 25.0921   -10.0   0   1    0    1       0.00   0.000   0.000   0.0
  0.0  -15.6667 25.1676   -10.0   0   1    0    1       0.00   0.000   0.000   0.0
  0.0  -15.6667 25.2431   -10.0   0   1    0    1       0.00   0.000   0.000   0.0
  0.0  -15.6667 25.3185   -10.0   0   1    0    1       0.00   0.000   0.000   0.0
  0.0  -15.6667 25.3939   -10.0   0   1    0    1       0.00   0.000   0.000   0.0
  0.0  -15.6667 25.4692   -10.0   0   1    0    1       0.00   0.000   0.000   0.0
  0.0  -15.5833 24.1062   -10.0   0   1    0    1       0.00   0.000   0.000   0.0
  0.0  -15.5833 24.1823   -10.0   0   1    0    1       0.00   0.000   0.000   0.0
  0.0  -15.5833 24.2584   -10.0   0   1    0    1       0.00   0.000   0.000   0.0
  0.0  -15.5833 24.3344   -10.0   0   1    0    1       0.00   0.000   0.000   0.0
  0.0  -15.5833 24.4104   -10.0   0   1    0    1       0.00   0.000   0.000   0.0
  0.0  -15.5833 24.4863   -10.0   0   1    0    1       0.00   0.000   0.000   0.0
  0.0  -15.5833 24.5622   -10.0   0   1    0    1       0.00   0.000   0.000   0.0
  0.0  -15.5833 24.6380   -10.0   0   1    0    1       0.00   0.000   0.000   0.0
  0.0  -15.5833 24.7138   -10.0   0   1    0    1       0.00   0.000   0.000   0.0
  0.0  -15.5833 24.7896   -10.0   0   1    0    1       0.00   0.000   0.000   0.0
  0.0  -15.5833 24.8653   -10.0   0   1    0    1       0.00   0.000   0.000   0.0
  0.0  -15.5833 24.9409   -10.0   0   1    0    1       0.00   0.000   0.000   0.0
  0.0  -15.5833 25.0165   -10.0   0   1    0    1       0.00   0.000   0.000   0.0
  0.0  -15.5833 25.0921   -10.0   0   1    0    1       0.00   0.000   0.000   0.0
  0.0  -15.5833 25.1676   -10.0   0   1    0    1       0.00   0.000   0.000   0.0
  0.0  -15.5833 25.2431   -10.0   0   1    0    1       0.00   0.000   0.000   0.0
  0.0  -15.5833 25.3185   -10.0   0   1    0    1       0.00   0.000   0.000   0.0
  0.0  -15.5833 25.3939   -10.0   0   1    0    1       0.00   0.000   0.000   0.0
  0.0  -15.5833 25.4692   -10.0   0   1    0    1       0.00   0.000   0.000   0.0
  0.0  -15.5833 25.5445   -10.0   0   1    0    1       0.00   0.000   0.000   0.0
  0.0  -15.5000 24.1823   -10.0   0   1    0    1       0.00   0.000   0.000   0.0
  0.0  -15.5000 24.2584   -10.0   0   1    0    1       0.00   0.000   0.000   0.0
  0.0  -15.5000 24.3344   -10.0   0   1    0    1       0.00   0.000   0.000   0.0
  0.0  -15.5000 24.4104   -10.0   0   1    0    1       0.00   0.000   0.000   0.0
  0.0  -15.5000 24.4863   -10.0   0   1    0    1       0.00   0.000   0.000   0.0
  0.0  -15.5000 24.5622   -10.0   0   1    0    1       0.00   0.000   0.000   0.0
  0.0  -15.5000 24.6380   -10.0   0   1    0    1       0.00   0.000   0.000   0.0
  0.0  -15.5000 24.7138   -10.0   0   1    0    1       0.00   0.000   0.000   0.0
  0.0  -15.5000 24.7896   -10.0   0   1    0    1       0.00   0.000   0.000   0.0
  0.0  -15.5000 24.8653   -10.0   0   1    0    1       0.00   0.000   0.000   0.0
  0.0  -15.5000 24.9409   -10.0   0   1    0    1       0.00   0.000   0.000   0.0
  0.0  -15.5000 25.0165   -10.0   0   1    0    1       0.00   0.000   0.000   0.0
  0.0  -15.5000 25.0921   -10.0   0   1    0    1       0.00   0.000   0.000   0.0
  0.0  -15.5000 25.1676   -10.0   0   1    0    1       0.00   0.000   0.000   0.0
  0.0  -15.5000 25.2431   -10.0   0   1    0    1       0.00   0.000   0.000   0.0
  0.0  -15.5000 25.3185   -10.0   0   1    0    1       0.00   0.000   0.000   0.0
  0.0  -15.5000 25.3939   -10.0   0   1    0    1       0.00   0.000   0.000   0.0
  0.0  -15.5000 25.4692   -10.0   0   1    0    1       0.00   0.000   0.000   0.0
  0.0  -15.5000 25.5445   -10.0   0   1    0    1       0.00   0.000   0.000   0.0
  0.0  -15.5000 25.6197   -10.0   0   1    0    1       0.00   0.000   0.000   0.0
  0.0  -15.4167 24.2584   -10.0   0   1    0    1       0.00   0.000   0.000   0.0
  0.0  -15.4167 24.3344   -10.0   0   1    0    1       0.00   0.000   0.000   0.0
  0.0  -15.4167 24.4104   -10.0   0   1    0    1       0.00   0.000   0.000   0.0
  0.0  -15.4167 24.4863   -10.0   0   1    0    1       0.00   0.000   0.000   0.0
  0.0  -15.4167 24.5622   -10.0   0   1    0    1       0.00   0.000   0.000   0.0
  0.0  -15.4167 24.6380   -10.0   0   1    0    1       0.00   0.000   0.000   0.0
  0.0  -15.4167 24.7138   -10.0   0   1    0    1       0.00   0.000   0.000   0.0
  0.0  -15.4167 24.7896   -10.0   0   1    0    1       0.00   0.000   0.000   0.0
  0.0  -15.4167 24.8653   -10.0   0   1    0    1       0.00   0.000   0.000   0.0
  0.0  -15.4167 24.9409   -10.0   0   1    0    1       0.00   0.000   0.000   0.0
  0.0  -15.4167 25.0165   -10.0   0   1    0    1       0.00   0.000   0.000   0.0
  0.0  -15.4167 25.0921   -10.0   0   1    0    1       0.00   0.000   0.000   0.0
  0.0  -15.4167 25.1676   -10.0   0   1    0    1       0.00   0.000   0.000   0.0
  0.0  -15.4167 25.2431   -10.0   0   1    0    1       0.00   0.000   0.000   0.0
  0.0  -15.4167 25.3185   -10.0   0   1    0    1       0.00   0.000   0.000   0.0
  0.0  -15.4167 25.3939   -10.0   0   1    0    1       0.00   0.000   0.000   0.0
  0.0  -15.4167 25.4692   -10.0   0   1    0    1       0.00   0.000   0.000   0.0
  0.0  -15.4167 25.5445   -10.0   0   1    0    1       0.00   0.000   0.000   0.0
  0.0  -15.4167 25.6197   -10.0   0   1    0    1       0.00   0.000   0.000   0.0
  0.0  -15.3333 24.3344   -10.0   0   1    0    1       0.00   0.000   0.000   0.0
  0.0  -15.3333 24.4104   -10.0   0   1    0    1       0.00   0.000   0.000   0.0
  0.0  -15.3333 24.4863   -10.0   0   1    0    1       0.00   0.000   0.000   0.0
  0.0  -15.3333 24.5622   -10.0   0   1    0    1       0.00   0.000   0.000   0.0
  0.0  -15.3333 24.6380   -10.0   0   1    0    1       0.00   0.000   0.000   0.0
  0.0  -15.3333 24.7138   -10.0   0   1    0    1       0.00   0.000   0.000   0.0
  0.0  -15.3333 24.7896   -10.0   0   1    0    1       0.00   0.000   0.000   0.0
  0.0  -15.3333 24.8653   -10.0   0   1    0    1       0.00   0.000   0.000   0.0
  0.0  -15.3333 24.9409   -10.0   0   1    0    1       0.00   0.000   0.000   0.0
  0.0  -15.3333 25.0165   -10.0   0   1    0    1       0.00   0.000   0.000   0.0
  0.0  -15.3333 25.0921   -10.0   0   1    0    1       0.00   0.000   0.000   0.0
  0.0  -15.3333 25.1676   -10.0   0   1    0    1       0.00   0.000   0.000   0.0
  0.0  -15.3333 25.2431   -10.0   0   1    0    1       0.00   0.000   0.000   0.0
  0.0  -15.3333 25.3185   -10.0   0   1    0    1       0.00   0.000   0.000   0.0
  0.0  -15.3333 25.3939   -10.0   0   1    0    1       0.00   0.000   0.000   0.0
  0.0  -15.3333 25.4692   -10.0   0   1    0    1       0.00   0.000   0.000   0.0
  0.0  -15.3333 25.5445   -10.0   0   1    0    1       0.00   0.000   0.000   0.0
  0.0  -15.3333 25.6197   -10.0   0   1    0    1       0.00   0.000   0.000   0.0
  0.0  -15.3333 25.6949   -10.0   0   1    0    1       0.00   0.000   0.000   0.0
  0.0  -15.2500 24.4104   -10.0   0   1    0    1       0.00   0.000   0.000   0.0
  0.0  -15.2500 24.4863   -10.0   0   1    0    1       0.00   0.000   0.000   0.0
  0.0  -15.2500 24.5622   -10.0   0   1    0    1       0.00   0.000   0.000   0.0
  0.0  -15.2500 24.6380   -10.0   0   1    0    1       0.00   0.000   0.000   0.0
  0.0  -15.2500 24.7138   -10.0   0   1    0    1       0.00   0.000   0.000   0.0
  0.0  -15.2500 24.7896   -10.0   0   1    0    1       0.00   0.000   0.000   0.0
  0.0  -15.2500 24.8653   -10.0   0   1    0    1       0.00   0.000   0.000   0.0
  0.0  -15.2500 24.9409   -10.0   0   1    0    1       0.00   0.000   0.000   0.0
  0.0  -15.2500 25.0165   -10.0   0   1    0    1       0.00   0.000   0.000   0.0
  0.0  -15.2500 25.0921   -10.0   0   1    0    1       0.00   0.000   0.000   0.0
  0.0  -15.2500 25.1676   -10.0   0   1    0    1       0.00   0.000   0.000   0.0
  0.0  -15.2500 25.2431   -10.0   0   1    0    1       0.00   0.000   0.000   0.0
  0.0  -15.2500 25.3185   -10.0   0   1    0    1       0.00   0.000   0.000   0.0
  0.0  -15.2500 25.3939   -10.0   0   1    0    1       0.00   0.000   0.000   0.0
  0.0  -15.2500 25.4692   -10.0   0   1    0    1       0.00   0.000   0.000   0.0
  0.0  -15.2500 25.5445   -10.0   0   1    0    1       0.00   0.000   0.000   0.0
  0.0  -15.2500 25.6197   -10.0   0   1    0    1       0.00   0.000   0.000   0.0
  0.0  -15.2500 25.6949   -10.0   0   1    0    1       0.00   0.000   0.000   0.0
  0.0  -15.2500 25.7701   -10.0   0   1    0    1       0.00   0.000   0.000   0.0
  0.0  -15.1667 24.5622   -10.0   0   1    0    1       0.00   0.000   0.000   0.0
  0.0  -15.1667 24.6380   -10.0   0   1    0    1       0.00   0.000   0.000   0.0
  0.0  -15.1667 24.7138   -10.0   0   1    0    1       0.00   0.000   0.000   0.0
  0.0  -15.1667 24.7896   -10.0   0   1    0    1       0.00   0.000   0.000   0.0
  0.0  -15.1667 24.8653   -10.0   0   1    0    1       0.00   0.000   0.000   0.0
  0.0  -15.1667 24.9409   -10.0   0   1    0    1       0.00   0.000   0.000   0.0
  0.0  -15.1667 25.0165   -10.0   0   1    0    1       0.00   0.000   0.000   0.0
  0.0  -15.1667 25.0921   -10.0   0   1    0    1       0.00   0.000   0.000   0.0
  0.0  -15.1667 25.1676   -10.0   0   1    0    1       0.00   0.000   0.000   0.0
  0.0  -15.1667 25.2431   -10.0   0   1    0    1       0.00   0.000   0.000   0.0
  0.0  -15.1667 25.3185   -10.0   0   1    0    1       0.00   0.000   0.000   0.0
  0.0  -15.1667 25.3939   -10.0   0   1    0    1       0.00   0.000   0.000   0.0
  0.0  -15.1667 25.4692   -10.0   0   1    0    1       0.00   0.000   0.000   0.0
  0.0  -15.1667 25.5445   -10.0   0   1    0    1       0.00   0.000   0.000   0.0
  0.0  -15.1667 25.6197   -10.0   0   1    0    1       0.00   0.000   0.000   0.0
  0.0  -15.1667 25.6949   -10.0   0   1    0    1       0.00   0.000   0.000   0.0
  0.0  -15.1667 25.7701   -10.0   0   1    0    1       0.00   0.000   0.000   0.0
  0.0  -15.0833 24.6380   -10.0   0   1    0    1       0.00   0.000   0.000   0.0
  0.0  -15.0833 24.7138   -10.0   0   1    0    1       0.00   0.000   0.000   0.0
  0.0  -15.0833 24.7896   -10.0   0   1    0    1       0.00   0.000   0.000   0.0
  0.0  -15.0833 24.8653   -10.0   0   1    0    1       0.00   0.000   0.000   0.0
  0.0  -15.0833 24.9409   -10.0   0   1    0    1       0.00   0.000   0.000   0.0
  0.0  -15.0833 25.0165   -10.0   0   1    0    1       0.00   0.000   0.000   0.0
  0.0  -15.0833 25.0921   -10.0   0   1    0    1       0.00   0.000   0.000   0.0
  0.0  -15.0833 25.1676   -10.0   0   1    0    1       0.00   0.000   0.000   0.0
  0.0  -15.0833 25.2431   -10.0   0   1    0    1       0.00   0.000   0.000   0.0
  0.0  -15.0833 25.3185   -10.0   0   1    0    1       0.00   0.000   0.000   0.0
  0.0  -15.0833 25.3939   -10.0   0   1    0    1       0.00   0.000   0.000   0.0
  0.0  -15.0833 25.4692   -10.0   0   1    0    1       0.00   0.000   0.000   0.0
  0.0  -15.0833 25.5445   -10.0   0   1    0    1       0.00   0.000   0.000   0.0
  0.0  -15.0833 25.6197   -10.0   0   1    0    1       0.00   0.000   0.000   0.0
  0.0  -15.0833 25.6949   -10.0   0   1    0    1       0.00   0.000   0.000   0.0
  0.0  -15.0833 25.7701   -10.0   0   1    0    1       0.00   0.000   0.000   0.0
  0.0  -15.0833 25.8451   -10.0   0   1    0    1       0.00   0.000   0.000   0.0
  0.0  -15.0000 24.6380   -10.0   0   1    0    1       0.00   0.000   0.000   0.0
  0.0  -15.0000 24.7138   -10.0   0   1    0    1       0.00   0.000   0.000   0.0
  0.0  -15.0000 24.7896   -10.0   0   1    0    1       0.00   0.000   0.000   0.0
  0.0  -15.0000 24.8653   -10.0   0   1    0    1       0.00   0.000   0.000   0.0
  0.0  -15.0000 24.9409   -10.0   0   1    0    1       0.00   0.000   0.000   0.0
  0.0  -15.0000 25.0165   -10.0   0   1    0    1       0.00   0.000   0.000   0.0
  0.0  -15.0000 25.0921   -10.0   0   1    0    1       0.00   0.000   0.000   0.0
  0.0  -15.0000 25.1676   -10.0   0   1    0    1       0.00   0.000   0.000   0.0
  0.0  -15.0000 25.2431   -10.0   0   1    0    1       0.00   0.000   0.000   0.0
  0.0  -15.0000 25.3185   -10.0   0   1    0    1       0.00   0.000   0.000   0.0
  0.0  -15.0000 25.3939   -10.0   0   1    0    1       0.00   0.000   0.000   0.0
  0.0  -15.0000 25.4692   -10.0   0   1    0    1       0.00   0.000   0.000   0.0
  0.0  -15.0000 25.5445   -10.0   0   1    0    1       0.00   0.000   0.000   0.0
  0.0  -15.0000 25.6197   -10.0   0   1    0    1       0.00   0.000   0.000   0.0
  0.0  -15.0000 25.6949   -10.0   0   1    0    1       0.00   0.000   0.000   0.0
  0.0  -15.0000 25.7701   -10.0   0   1    0    1       0.00   0.000   0.000   0.0
  0.0  -15.0000 25.8451   -10.0   0   1    0    1       0.00   0.000   0.000   0.0
  0.0  -15.0000 25.9202   -10.0   0   1    0    1       0.00   0.000   0.000   0.0
  0.0  -14.9167 24.7138   -10.0   0   1    0    1       0.00   0.000   0.000   0.0
  0.0  -14.9167 24.7896   -10.0   0   1    0    1       0.00   0.000   0.000   0.0
  0.0  -14.9167 24.8653   -10.0   0   1    0    1       0.00   0.000   0.000   0.0
  0.0  -14.9167 24.9409   -10.0   0   1    0    1       0.00   0.000   0.000   0.0
  0.0  -14.9167 25.0165   -10.0   0   1    0    1       0.00   0.000   0.000   0.0
  0.0  -14.9167 25.0921   -10.0   0   1    0    1       0.00   0.000   0.000   0.0
  0.0  -14.9167 25.1676   -10.0   0   1    0    1       0.00   0.000   0.000   0.0
  0.0  -14.9167 25.2431   -10.0   0   1    0    1       0.00   0.000   0.000   0.0
  0.0  -14.9167 25.3185   -10.0   0   1    0    1       0.00   0.000   0.000   0.0
  0.0  -14.9167 25.3939   -10.0   0   1    0    1       0.00   0.000   0.000   0.0
  0.0  -14.9167 25.4692   -10.0   0   1    0    1       0.00   0.000   0.000   0.0
  0.0  -14.9167 25.5445   -10.0   0   1    0    1       0.00   0.000   0.000   0.0
  0.0  -14.9167 25.6197   -10.0   0   1    0    1       0.00   0.000   0.000   0.0
  0.0  -14.9167 25.6949   -10.0   0   1    0    1       0.00   0.000   0.000   0.0
  0.0  -14.9167 25.7701   -10.0   0   1    0    1       0.00   0.000   0.000   0.0
  0.0  -14.9167 25.8451   -10.0   0   1    0    1       0.00   0.000   0.000   0.0
  0.0  -14.9167 25.9202   -10.0   0   1    0    1       0.00   0.000   0.000   0.0
  0.0  -14.9167 25.9952   -10.0   0   1    0    1       0.00   0.000   0.000   0.0
  0.0  -14.9167 26.0701   -10.0   0   1    0    1       0.00   0.000   0.000   0.0
  0.0  -14.8333 24.8653   -10.0   0   1    0    1       0.00   0.000   0.000   0.0
  0.0  -14.8333 24.9409   -10.0   0   1    0    1       0.00   0.000   0.000   0.0
  0.0  -14.8333 25.0165   -10.0   0   1    0    1       0.00   0.000   0.000   0.0
  0.0  -14.8333 25.0921   -10.0   0   1    0    1       0.00   0.000   0.000   0.0
  0.0  -14.8333 25.1676   -10.0   0   1    0    1       0.00   0.000   0.000   0.0
  0.0  -14.8333 25.2431   -10.0   0   1    0    1       0.00   0.000   0.000   0.0
  0.0  -14.8333 25.3185   -10.0   0   1    0    1       0.00   0.000   0.000   0.0
  0.0  -14.8333 25.3939   -10.0   0   1    0    1       0.00   0.000   0.000   0.0
  0.0  -14.8333 25.4692   -10.0   0   1    0    1       0.00   0.000   0.000   0.0
  0.0  -14.8333 25.5445   -10.0   0   1    0    1       0.00   0.000   0.000   0.0
  0.0  -14.8333 25.6197   -10.0   0   1    0    1       0.00   0.000   0.000   0.0
  0.0  -14.8333 25.6949   -10.0   0   1    0    1       0.00   0.000   0.000   0.0
  0.0  -14.8333 25.7701   -10.0   0   1    0    1       0.00   0.000   0.000   0.0
  0.0  -14.8333 25.8451   -10.0   0   1    0    1       0.00   0.000   0.000   0.0
  0.0  -14.8333 25.9202   -10.0   0   1    0    1       0.00   0.000   0.000   0.0
  0.0  -14.8333 25.9952   -10.0   0   1    0    1       0.00   0.000   0.000   0.0
  0.0  -14.8333 26.0701   -10.0   0   1    0    1       0.00   0.000   0.000   0.0
  0.0  -14.8333 26.1450   -10.0   0   1    0    1       0.00   0.000   0.000   0.0
  0.0  -14.7500 25.5445   -10.0   0   1    0    1       0.00   0.000   0.000   0.0
  0.0  -14.7500 25.6197   -10.0   0   1    0    1       0.00   0.000   0.000   0.0
  0.0  -14.7500 25.6949   -10.0   0   1    0    1       0.00   0.000   0.000   0.0
  0.0  -14.7500 25.7701   -10.0   0   1    0    1       0.00   0.000   0.000   0.0
  0.0  -14.7500 25.8451   -10.0   0   1    0    1       0.00   0.000   0.000   0.0
  0.0  -14.7500 25.9202   -10.0   0   1    0    1       0.00   0.000   0.000   0.0
  0.0  -14.7500 25.9952   -10.0   0   1    0    1       0.00   0.000   0.000   0.0
  0.0  -14.7500 26.0701   -10.0   0   1    0    1       0.00   0.000   0.000   0.0
  0.0  -14.7500 26.1450   -10.0   0   1    0    1       0.00   0.000   0.000   0.0
  0.0  -14.7500 26.2199   -10.0   0   1    0    1       0.00   0.000   0.000   0.0
  0.0  -14.6667 25.6197   -10.0   0   1    0    1       0.00   0.000   0.000   0.0
  0.0  -14.6667 25.6949   -10.0   0   1    0    1       0.00   0.000   0.000   0.0
  0.0  -14.6667 25.7701   -10.0   0   1    0    1       0.00   0.000   0.000   0.0
  0.0  -14.6667 25.8451   -10.0   0   1    0    1       0.00   0.000   0.000   0.0
  0.0  -14.6667 25.9202   -10.0   0   1    0    1       0.00   0.000   0.000   0.0
  0.0  -14.6667 25.9952   -10.0   0   1    0    1       0.00   0.000   0.000   0.0
  0.0  -14.6667 26.0701   -10.0   0   1    0    1       0.00   0.000   0.000   0.0
  0.0  -14.6667 26.1450   -10.0   0   1    0    1       0.00   0.000   0.000   0.0
  0.0  -14.6667 26.2199   -10.0   0   1    0    1       0.00   0.000   0.000   0.0
  0.0  -14.6667 26.2947   -10.0   0   1    0    1       0.00   0.000   0.000   0.0
  0.0  -14.5833 25.9202   -10.0   0   1    0    1       0.00   0.000   0.000   0.0
  0.0  -14.5833 25.9952   -10.0   0   1    0    1       0.00   0.000   0.000   0.0
  0.0  -14.5833 26.0701   -10.0   0   1    0    1       0.00   0.000   0.000   0.0
  0.0  -14.5833 26.1450   -10.0   0   1    0    1       0.00   0.000   0.000   0.0
  0.0  -14.5833 26.2199   -10.0   0   1    0    1       0.00   0.000   0.000   0.0
  0.0  -14.5833 26.2947   -10.0   0   1    0    1       0.00   0.000   0.000   0.0
  0.0  -14.5833 26.3695   -10.0   0   1    0    1       0.00   0.000   0.000   0.0
  0.0  -14.5000 25.9952   -10.0   0   1    0    1       0.00   0.000   0.000   0.0
  0.0  -14.5000 26.0701   -10.0   0   1    0    1       0.00   0.000   0.000   0.0
  0.0  -14.5000 26.1450   -10.0   0   1    0    1       0.00   0.000   0.000   0.0
  0.0  -14.5000 26.2199   -10.0   0   1    0    1       0.00   0.000   0.000   0.0
  0.0  -14.5000 26.2947   -10.0   0   1    0    1       0.00   0.000   0.000   0.0
  0.0  -14.5000 26.3695   -10.0   0   1    0    1       0.00   0.000   0.000   0.0
  0.0  -14.5000 26.4442   -10.0   0   1    0    1       0.00   0.000   0.000   0.0
  0.0  -14.4167 26.2947   -10.0   0   1    0    1       0.00   0.000   0.000   0.0
  0.0  -14.4167 26.3695   -10.0   0   1    0    1       0.00   0.000   0.000   0.0
  0.0  -14.4167 26.4442   -10.0   0   1    0    1       0.00   0.000   0.000   0.0
  0.0  -14.3333 26.2947   -10.0   0   1    0    1       0.00   0.000   0.000   0.0
  0.0  -14.3333 26.3695   -10.0   0   1    0    1       0.00   0.000   0.000   0.0
  0.0  -14.3333 26.4442   -10.0   0   1    0    1       0.00   0.000   0.000   0.0
  0.0  -14.3333 26.5188   -10.0   0   1    0    1       0.00   0.000   0.000   0.0
  0.0  -14.2500 26.3695   -10.0   0   1    0    1       0.00   0.000   0.000   0.0
  0.0  -14.2500 26.4442   -10.0   0   1    0    1       0.00   0.000   0.000   0.0
  0.0  -14.2500 26.5188   -10.0   0   1    0    1       0.00   0.000   0.000   0.0
  0.0  -14.2500 26.5935   -10.0   0   1    0    1       0.00   0.000   0.000   0.0
  0.0  -14.1667 26.4442   -10.0   0   1    0    1       0.00   0.000   0.000   0.0
  0.0  -14.1667 26.5188   -10.0   0   1    0    1       0.00   0.000   0.000   0.0
  0.0  -14.1667 26.5935   -10.0   0   1    0    1       0.00   0.000   0.000   0.0
  0.0  -14.1667 26.6680   -10.0   0   1    0    1       0.00   0.000   0.000   0.0
  0.0  -14.0833 26.5188   -10.0   0   1    0    1       0.00   0.000   0.000   0.0
  0.0  -14.0833 26.5935   -10.0   0   1    0    1       0.00   0.000   0.000   0.0
  0.0  -14.0833 26.6680   -10.0   0   1    0    1       0.00   0.000   0.000   0.0
  0.0  -14.0833 26.7425   -10.0   0   1    0    1       0.00   0.000   0.000   0.0
  0.0  -14.0000 26.5188   -10.0   0   1    0    1       0.00   0.000   0.000   0.0
  0.0  -14.0000 26.5935   -10.0   0   1    0    1       0.00   0.000   0.000   0.0
  0.0  -14.0000 26.6680   -10.0   0   1    0    1       0.00   0.000   0.000   0.0
  0.0  -14.0000 26.7425   -10.0   0   1    0    1       0.00   0.000   0.000   0.0
  0.0  -14.0000 26.8170   -10.0   0   1    0    1       0.00   0.000   0.000   0.0
  0.0  -13.9167 26.5188   -10.0   0   1    0    1       0.00   0.000   0.000   0.0
  0.0  -13.9167 26.5935   -10.0   0   1    0    1       0.00   0.000   0.000   0.0
  0.0  -13.9167 26.6680   -10.0   0   1    0    1       0.00   0.000   0.000   0.0
  0.0  -13.9167 26.7425   -10.0   0   1    0    1       0.00   0.000   0.000   0.0
  0.0  -13.9167 26.8170   -10.0   0   1    0    1       0.00   0.000   0.000   0.0
  0.0  -13.9167 26.8914   -10.0   0   1    0    1       0.00   0.000   0.000   0.0
  0.0  -13.8333 26.5935   -10.0   0   1    0    1       0.00   0.000   0.000   0.0
  0.0  -13.8333 26.6680   -10.0   0   1    0    1       0.00   0.000   0.000   0.0
  0.0  -13.8333 26.7425   -10.0   0   1    0    1       0.00   0.000   0.000   0.0
  0.0  -13.8333 26.8170   -10.0   0   1    0    1       0.00   0.000   0.000   0.0
  0.0  -13.8333 26.8914   -10.0   0   1    0    1       0.00   0.000   0.000   0.0
  0.0  -13.8333 26.9658   -10.0   0   1    0    1       0.00   0.000   0.000   0.0
  0.0  -13.7500 26.6680   -10.0   0   1    0    1       0.00   0.000   0.000   0.0
  0.0  -13.7500 26.7425   -10.0   0   1    0    1       0.00   0.000   0.000   0.0
  0.0  -13.7500 26.8170   -10.0   0   1    0    1       0.00   0.000   0.000   0.0
  0.0  -13.7500 26.8914   -10.0   0   1    0    1       0.00   0.000   0.000   0.0
  0.0  -13.7500 26.9658   -10.0   0   1    0    1       0.00   0.000   0.000   0.0
  0.0  -13.7500 27.0401   -10.0   0   1    0    1       0.00   0.000   0.000   0.0
  0.0  -13.6667 26.6680   -10.0   0   1    0    1       0.00   0.000   0.000   0.0
  0.0  -13.6667 26.7425   -10.0   0   1    0    1       0.00   0.000   0.000   0.0
  0.0  -13.6667 26.8170   -10.0   0   1    0    1       0.00   0.000   0.000   0.0
  0.0  -13.6667 26.8914   -10.0   0   1    0    1       0.00   0.000   0.000   0.0
  0.0  -13.6667 26.9658   -10.0   0   1    0    1       0.00   0.000   0.000   0.0
  0.0  -13.6667 27.0401   -10.0   0   1    0    1       0.00   0.000   0.000   0.0
  0.0  -13.6667 27.1144   -10.0   0   1    0    1       0.00   0.000   0.000   0.0
  0.0  -13.5833 26.8170   -10.0   0   1    0    1       0.00   0.000   0.000   0.0
  0.0  -13.5833 26.8914   -10.0   0   1    0    1       0.00   0.000   0.000   0.0
  0.0  -13.5833 26.9658   -10.0   0   1    0    1       0.00   0.000   0.000   0.0
  0.0  -13.5833 27.0401   -10.0   0   1    0    1       0.00   0.000   0.000   0.0
  0.0  -13.5833 27.1144   -10.0   0   1    0    1       0.00   0.000   0.000   0.0
  0.0  -13.5833 27.1886   -10.0   0   1    0    1       0.00   0.000   0.000   0.0
  0.0  -13.5833 27.2628   -10.0   0   1    0    1       0.00   0.000   0.000   0.0
  0.0  -13.5000 26.8914   -10.0   0   1    0    1       0.00   0.000   0.000   0.0
  0.0  -13.5000 26.9658   -10.0   0   1    0    1       0.00   0.000   0.000   0.0
  0.0  -13.5000 27.0401   -10.0   0   1    0    1       0.00   0.000   0.000   0.0
  0.0  -13.5000 27.1144   -10.0   0   1    0    1       0.00   0.000   0.000   0.0
  0.0  -13.5000 27.1886   -10.0   0   1    0    1       0.00   0.000   0.000   0.0
  0.0  -13.5000 27.2628   -10.0   0   1    0    1       0.00   0.000   0.000   0.0
  0.0  -13.5000 27.3369   -10.0   0   1    0    1       0.00   0.000   0.000   0.0
  0.0  -13.5000 27.4110   -10.0   0   1    0    1       0.00   0.000   0.000   0.0
  0.0  -13.4167 27.1144   -10.0   0   1    0    1       0.00   0.000   0.000   0.0
  0.0  -13.4167 27.1886   -10.0   0   1    0    1       0.00   0.000   0.000   0.0
  0.0  -13.4167 27.2628   -10.0   0   1    0    1       0.00   0.000   0.000   0.0
  0.0  -13.4167 27.3369   -10.0   0   1    0    1       0.00   0.000   0.000   0.0
  0.0  -13.4167 27.4110   -10.0   0   1    0    1       0.00   0.000   0.000   0.0
  0.0  -13.4167 27.4850   -10.0   0   1    0    1       0.00   0.000   0.000   0.0
  0.0  -13.4167 27.5590   -10.0   0   1    0    1       0.00   0.000   0.000   0.0
  0.0  -13.4167 27.6329   -10.0   0   1    0    1       0.00   0.000   0.000   0.0
  0.0  -13.3333 27.2628   -10.0   0   1    0    1       0.00   0.000   0.000   0.0
  0.0  -13.3333 27.3369   -10.0   0   1    0    1       0.00   0.000   0.000   0.0
  0.0  -13.3333 27.4110   -10.0   0   1    0    1       0.00   0.000   0.000   0.0
  0.0  -13.3333 27.4850   -10.0   0   1    0    1       0.00   0.000   0.000   0.0
  0.0  -13.3333 27.5590   -10.0   0   1    0    1       0.00   0.000   0.000   0.0
  0.0  -13.3333 27.6329   -10.0   0   1    0    1       0.00   0.000   0.000   0.0
  0.0  -13.3333 27.7068   -10.0   0   1    0    1       0.00   0.000   0.000   0.0
  0.0  -13.3333 27.7806   -10.0   0   1    0    1       0.00   0.000   0.000   0.0
  0.0  -13.2500 27.4850   -10.0   0   1    0    1       0.00   0.000   0.000   0.0
  0.0  -13.2500 27.5590   -10.0   0   1    0    1       0.00   0.000   0.000   0.0
  0.0  -13.2500 27.6329   -10.0   0   1    0    1       0.00   0.000   0.000   0.0
  0.0  -13.2500 27.7068   -10.0   0   1    0    1       0.00   0.000   0.000   0.0
  0.0  -13.2500 27.7806   -10.0   0   1    0    1       0.00   0.000   0.000   0.0
  0.0  -13.2500 27.8544   -10.0   0   1    0    1       0.00   0.000   0.000   0.0
  0.0  -13.2500 27.9281   -10.0   0   1    0    1       0.00   0.000   0.000   0.0
  0.0  -13.1667 27.7068   -10.0   0   1    0    1       0.00   0.000   0.000   0.0
  0.0  -13.1667 27.7806   -10.0   0   1    0    1       0.00   0.000   0.000   0.0
  0.0  -13.1667 27.8544   -10.0   0   1    0    1       0.00   0.000   0.000   0.0
  0.0  -13.1667 27.9281   -10.0   0   1    0    1       0.00   0.000   0.000   0.0
  0.0  -13.1667 28.0018   -10.0   0   1    0    1       0.00   0.000   0.000   0.0
  0.0  -13.0833 27.7806   -10.0   0   1    0    1       0.00   0.000   0.000   0.0
  0.0  -13.0833 27.8544   -10.0   0   1    0    1       0.00   0.000   0.000   0.0
  0.0  -13.0833 27.9281   -10.0   0   1    0    1       0.00   0.000   0.000   0.0
  0.0  -13.0833 28.0018   -10.0   0   1    0    1       0.00   0.000   0.000   0.0
  0.0  -13.0833 28.0754   -10.0   0   1    0    1       0.00   0.000   0.000   0.0
  0.0  -13.0000 27.8544   -10.0   0   1    0    1       0.00   0.000   0.000   0.0
  0.0  -13.0000 27.9281   -10.0   0   1    0    1       0.00   0.000   0.000   0.0
  0.0  -13.0000 28.0018   -10.0   0   1    0    1       0.00   0.000   0.000   0.0
  0.0  -13.0000 28.0754   -10.0   0   1    0    1       0.00   0.000   0.000   0.0
  0.0  -13.0000 28.1490   -10.0   0   1    0    1       0.00   0.000   0.000   0.0
  0.0  -12.9167 28.0018   -10.0   0   1    0    1       0.00   0.000   0.000   0.0
  0.0  -12.9167 28.0754   -10.0   0   1    0    1       0.00   0.000   0.000   0.0
  0.0  -12.9167 28.1490   -10.0   0   1    0    1       0.00   0.000   0.000   0.0
  0.0  -12.9167 28.2225   -10.0   0   1    0    1       0.00   0.000   0.000   0.0
  0.0  -12.8333 28.0018   -10.0   0   1    0    1       0.00   0.000   0.000   0.0
  0.0  -12.8333 28.0754   -10.0   0   1    0    1       0.00   0.000   0.000   0.0
  0.0  -12.8333 28.1490   -10.0   0   1    0    1       0.00   0.000   0.000   0.0
  0.0  -12.8333 28.2225   -10.0   0   1    0    1       0.00   0.000   0.000   0.0
  0.0  -12.8333 28.2960   -10.0   0   1    0    1       0.00   0.000   0.000   0.0
  0.0  -12.7500 28.0018   -10.0   0   1    0    1       0.00   0.000   0.000   0.0
  0.0  -12.7500 28.0754   -10.0   0   1    0    1       0.00   0.000   0.000   0.0
  0.0  -12.7500 28.1490   -10.0   0   1    0    1       0.00   0.000   0.000   0.0
  0.0  -12.7500 28.2225   -10.0   0   1    0    1       0.00   0.000   0.000   0.0
  0.0  -12.7500 28.2960   -10.0   0   1    0    1       0.00   0.000   0.000   0.0
  0.0  -12.7500 28.3694   -10.0   0   1    0    1       0.00   0.000   0.000   0.0
  0.0  -12.7500 28.4428   -10.0   0   1    0    1       0.00   0.000   0.000   0.0
  0.0  -12.6667 28.0018   -10.0   0   1    0    1       0.00   0.000   0.000   0.0
  0.0  -12.6667 28.0754   -10.0   0   1    0    1       0.00   0.000   0.000   0.0
  0.0  -12.6667 28.1490   -10.0   0   1    0    1       0.00   0.000   0.000   0.0
  0.0  -12.6667 28.2225   -10.0   0   1    0    1       0.00   0.000   0.000   0.0
  0.0  -12.6667 28.2960   -10.0   0   1    0    1       0.00   0.000   0.000   0.0
  0.0  -12.6667 28.3694   -10.0   0   1    0    1       0.00   0.000   0.000   0.0
  0.0  -12.6667 28.4428   -10.0   0   1    0    1       0.00   0.000   0.000   0.0
  0.0  -12.6667 28.5161   -10.0   0   1    0    1       0.00   0.000   0.000   0.0
  0.0  -12.5833 28.0754   -10.0   0   1    0    1       0.00   0.000   0.000   0.0
  0.0  -12.5833 28.1490   -10.0   0   1    0    1       0.00   0.000   0.000   0.0
  0.0  -12.5833 28.2225   -10.0   0   1    0    1       0.00   0.000   0.000   0.0
  0.0  -12.5833 28.2960   -10.0   0   1    0    1       0.00   0.000   0.000   0.0
  0.0  -12.5833 28.3694   -10.0   0   1    0    1       0.00   0.000   0.000   0.0
  0.0  -12.5833 28.4428   -10.0   0   1    0    1       0.00   0.000   0.000   0.0
  0.0  -12.5833 28.5161   -10.0   0   1    0    1       0.00   0.000   0.000   0.0
  0.0  -12.5833 28.5894   -10.0   0   1    0    1       0.00   0.000   0.000   0.0
  0.0  -12.5000 28.0754   -10.0   0   1    0    1       0.00   0.000   0.000   0.0
  0.0  -12.5000 28.1490   -10.0   0   1    0    1       0.00   0.000   0.000   0.0
  0.0  -12.5000 28.2225   -10.0   0   1    0    1       0.00   0.000   0.000   0.0
  0.0  -12.5000 28.2960   -10.0   0   1    0    1       0.00   0.000   0.000   0.0
  0.0  -12.5000 28.3694   -10.0   0   1    0    1       0.00   0.000   0.000   0.0
  0.0  -12.5000 28.4428   -10.0   0   1    0    1       0.00   0.000   0.000   0.0
  0.0  -12.5000 28.5161   -10.0   0   1    0    1       0.00   0.000   0.000   0.0
  0.0  -12.5000 28.5894   -10.0   0   1    0    1       0.00   0.000   0.000   0.0
  0.0  -12.4167 28.0018   -10.0   0   1    0    1       0.00   0.000   0.000   0.0
  0.0  -12.4167 28.0754   -10.0   0   1    0    1       0.00   0.000   0.000   0.0
  0.0  -12.4167 28.1490   -10.0   0   1    0    1       0.00   0.000   0.000   0.0
  0.0  -12.4167 28.2225   -10.0   0   1    0    1       0.00   0.000   0.000   0.0
  0.0  -12.4167 28.2960   -10.0   0   1    0    1       0.00   0.000   0.000   0.0
  0.0  -12.4167 28.3694   -10.0   0   1    0    1       0.00   0.000   0.000   0.0
  0.0  -12.4167 28.4428   -10.0   0   1    0    1       0.00   0.000   0.000   0.0
  0.0  -12.4167 28.5161   -10.0   0   1    0    1       0.00   0.000   0.000   0.0
  0.0  -12.4167 28.5894   -10.0   0   1    0    1       0.00   0.000   0.000   0.0
  0.0  -12.4167 28.6626   -10.0   0   1    0    1       0.00   0.000   0.000   0.0
  0.0  -12.3333 28.0018   -10.0   0   1    0    1       0.00   0.000   0.000   0.0
  0.0  -12.3333 28.0754   -10.0   0   1    0    1       0.00   0.000   0.000   0.0
  0.0  -12.3333 28.1490   -10.0   0   1    0    1       0.00   0.000   0.000   0.0
  0.0  -12.3333 28.2225   -10.0   0   1    0    1       0.00   0.000   0.000   0.0
  0.0  -12.3333 28.2960   -10.0   0   1    0    1       0.00   0.000   0.000   0.0
  0.0  -12.3333 28.3694   -10.0   0   1    0    1       0.00   0.000   0.000   0.0
  0.0  -12.3333 28.4428   -10.0   0   1    0    1       0.00   0.000   0.000   0.0
  0.0  -12.3333 28.5161   -10.0   0   1    0    1       0.00   0.000   0.000   0.0
  0.0  -12.3333 28.5894   -10.0   0   1    0    1       0.00   0.000   0.000   0.0
  0.0  -12.3333 28.6626   -10.0   0   1    0    1       0.00   0.000   0.000   0.0
  0.0  -12.2500 28.0018   -10.0   0   1    0    1       0.00   0.000   0.000   0.0
  0.0  -12.2500 28.0754   -10.0   0   1    0    1       0.00   0.000   0.000   0.0
  0.0  -12.2500 28.1490   -10.0   0   1    0    1       0.00   0.000   0.000   0.0
  0.0  -12.2500 28.2225   -10.0   0   1    0    1       0.00   0.000   0.000   0.0
  0.0  -12.2500 28.2960   -10.0   0   1    0    1       0.00   0.000   0.000   0.0
  0.0  -12.2500 28.3694   -10.0   0   1    0    1       0.00   0.000   0.000   0.0
  0.0  -12.2500 28.4428   -10.0   0   1    0    1       0.00   0.000   0.000   0.0
  0.0  -12.2500 28.5161   -10.0   0   1    0    1       0.00   0.000   0.000   0.0
  0.0  -12.2500 28.5894   -10.0   0   1    0    1       0.00   0.000   0.000   0.0
  0.0  -12.2500 28.6626   -10.0   0   1    0    1       0.00   0.000   0.000   0.0
  0.0  -12.1667 28.0018   -10.0   0   1    0    1       0.00   0.000   0.000   0.0
  0.0  -12.1667 28.0754   -10.0   0   1    0    1       0.00   0.000   0.000   0.0
  0.0  -12.1667 28.1490   -10.0   0   1    0    1       0.00   0.000   0.000   0.0
  0.0  -12.1667 28.2225   -10.0   0   1    0    1       0.00   0.000   0.000   0.0
  0.0  -12.1667 28.2960   -10.0   0   1    0    1       0.00   0.000   0.000   0.0
  0.0  -12.1667 28.3694   -10.0   0   1    0    1       0.00   0.000   0.000   0.0
  0.0  -12.1667 28.4428   -10.0   0   1    0    1       0.00   0.000   0.000   0.0
  0.0  -12.1667 28.5161   -10.0   0   1    0    1       0.00   0.000   0.000   0.0
  0.0  -12.1667 28.5894   -10.0   0   1    0    1       0.00   0.000   0.000   0.0
  0.0  -12.1667 28.6626   -10.0   0   1    0    1       0.00   0.000   0.000   0.0
  0.0  -12.1667 28.7358   -10.0   0   1    0    1       0.00   0.000   0.000   0.0
  0.0  -12.0833 28.0018   -10.0   0   1    0    1       0.00   0.000   0.000   0.0
  0.0  -12.0833 28.0754   -10.0   0   1    0    1       0.00   0.000   0.000   0.0
  0.0  -12.0833 28.1490   -10.0   0   1    0    1       0.00   0.000   0.000   0.0
  0.0  -12.0833 28.2225   -10.0   0   1    0    1       0.00   0.000   0.000   0.0
  0.0  -12.0833 28.2960   -10.0   0   1    0    1       0.00   0.000   0.000   0.0
  0.0  -12.0833 28.3694   -10.0   0   1    0    1       0.00   0.000   0.000   0.0
  0.0  -12.0833 28.4428   -10.0   0   1    0    1       0.00   0.000   0.000   0.0
  0.0  -12.0833 28.5161   -10.0   0   1    0    1       0.00   0.000   0.000   0.0
  0.0  -12.0833 28.5894   -10.0   0   1    0    1       0.00   0.000   0.000   0.0
  0.0  -12.0833 28.6626   -10.0   0   1    0    1       0.00   0.000   0.000   0.0
  0.0  -12.0833 28.7358   -10.0   0   1    0    1       0.00   0.000   0.000   0.0
  0.0  -12.0833 28.8089   -10.0   0   1    0    1       0.00   0.000   0.000   0.0
99 END of float input data
